# SCAN started at: 2018-05-22 11:20:49
# Mass_Scan Elen: _70
# ----------------------------------------
# 
25	5	5
25.1	9	9
25.2	6	6
25.3	8	8
25.4	10	10
25.5	8	8
25.6	8	8
25.7	5	5
25.8	7	7
25.9	11	11
26	11	11
26.1	13	13
26.2	18	18
26.3	24	24
26.4	25	25
26.5	14	14
26.6	21	21
26.7	20	20
26.8	23	23
26.9	26	26
27	28	28
27.1	38	38
27.2	39	39
27.3	60	60
27.4	62	62
27.5	76	76
27.6	64	64
27.7	43	43
27.8	40	40
27.9	50	50
28	60	60
28.1	57	57
28.2	70	70
28.3	87	87
28.4	85	85
28.5	106	106
28.6	144	144
28.7	124	124
28.8	71	71
28.9	31	31
29	25	25
29.1	27	27
29.2	24	24
29.3	23	23
29.4	18	18
29.5	39	39
29.6	20	20
29.7	39	39
29.8	21	21
29.9	14	14
30	6	6
30.1	8	8
30.2	4	4
30.3	5	5
30.4	2	2
30.5	7	7
30.6	6	6
30.7	5	5
30.8	1	1
30.9	4	4
31	2	2
31.1	8	8
31.2	5	5
31.3	9	9
31.4	15	15
31.5	17	17
31.6	21	21
31.7	21	21
31.8	20	20
31.9	32	32
32	21	21
32.1	21	21
32.2	19	19
32.3	31	31
32.4	39	39
32.5	56	56
32.6	28	28
32.7	25	25
32.8	6	6
32.9	13	13
33	3	3
33.1	4	4
33.2	3	3
33.3	3	3
33.4	5	5
33.5	4	4
33.6	2	2
33.7	2	2
33.8	0	0
33.9	1	1
34	2	2
34.1	4	4
34.2	5	5
34.3	1	1
34.4	6	6
34.5	5	5
34.6	2	2
34.7	1	1
34.8	4	4
34.9	4	4
35	7	7
35.1	3	3
35.2	1	1
35.3	0	0
35.4	5	5
35.5	1	1
35.6	6	6
35.7	4	4
35.8	8	8
35.9	8	8
36	7	7
36.1	5	5
36.2	8	8
36.3	12	12
36.4	4	4
36.5	4	4
36.6	9	9
36.7	5	5
36.8	6	6
36.9	8	8
37	9	9
37.1	6	6
37.2	10	10
37.3	11	11
37.4	13	13
37.5	24	24
37.6	16	16
37.7	20	20
37.8	26	26
37.9	23	23
38	43	43
38.1	49	49
38.2	56	56
38.3	52	52
38.4	30	30
38.5	56	56
38.6	40	40
38.7	40	40
38.8	44	44
38.9	52	52
39	56	56
39.1	81	81
39.2	95	95
39.3	143	143
39.4	153	153
39.5	147	147
39.6	195	195
39.7	154	154
39.8	184	184
39.9	190	190
40	204	204
40.1	222	222
40.2	270	270
40.3	271	271
40.4	348	348
40.5	596	596
40.6	541	541
40.7	320	320
40.8	157	157
40.9	101	101
41	68	68
41.1	67	67
41.2	55	55
41.3	39	39
41.4	60	60
41.5	63	63
41.6	89	89
41.7	86	86
41.8	71	71
41.9	92	92
42	81	81
42.1	78	78
42.2	83	83
42.3	101	101
42.4	134	134
42.5	146	146
42.6	123	123
42.7	66	66
42.8	46	46
42.9	45	45
43	20	20
43.1	14	14
43.2	11	11
43.3	16	16
43.4	16	16
43.5	20	20
43.6	32	32
43.7	21	21
43.8	15	15
43.9	15	15
44	12	12
44.1	10	10
44.2	7	7
44.3	10	10
44.4	8	8
44.5	8	8
44.6	13	13
44.7	10	10
44.8	5	5
44.9	3	3
45	3	3
45.1	4	4
45.2	0	0
45.3	0	0
45.4	1	1
45.5	1	1
45.6	4	4
45.7	2	2
45.8	1	1
45.9	1	1
46	1	1
46.1	0	0
46.2	1	1
46.3	1	1
46.4	0	0
46.5	1	1
46.6	0	0
46.7	0	0
46.8	1	1
46.9	0	0
47	0	0
47.1	2	2
47.2	0	0
47.3	0	0
47.4	0	0
47.5	1	1
47.6	2	2
47.7	0	0
47.8	1	1
47.9	0	0
48	0	0
48.1	0	0
48.2	0	0
48.3	1	1
48.4	1	1
48.5	3	3
48.6	2	2
48.7	1	1
48.8	2	2
48.9	1	1
49	0	0
49.1	0	0
49.2	0	0
49.3	2	2
49.4	0	0
49.5	4	4
49.6	0	0
49.7	0	0
49.8	0	0
49.9	1	1
50	1	1
50.1	1	1
50.2	1	1
50.3	1	1
50.4	0	0
50.5	0	0
50.6	2	2
50.7	2	2
50.8	1	1
50.9	0	0
51	0	0
51.1	0	0
51.2	0	0
51.3	0	0
51.4	0	0
51.5	0	0
51.6	0	0
51.7	1	1
51.8	1	1
51.9	0	0
52	0	0
52.1	0	0
52.2	0	0
52.3	0	0
52.4	0	0
52.5	1	1
52.6	0	0
52.7	1	1
52.8	1	1
52.9	0	0
53	1	1
53.1	0	0
53.2	0	0
53.3	0	0
53.4	0	0
53.5	0	0
53.6	0	0
53.7	1	1
53.8	1	1
53.9	0	0
54	0	0
54.1	2	2
54.2	0	0
54.3	3	3
54.4	0	0
54.5	2	2
54.6	6	6
54.7	2	2
54.8	1	1
54.9	1	1
55	4	4
55.1	1	1
55.2	11	11
55.3	1	1
55.4	1	1
55.5	10	10
55.6	4	4
55.7	9	9
55.8	3	3
55.9	4	4
56	2	2
56.1	3	3
56.2	1	1
56.3	0	0
56.4	4	4
56.5	4	4
56.6	3	3
56.7	6	6
56.8	5	5
56.9	3	3
57	5	5
57.1	4	4
57.2	7	7
57.3	2	2
57.4	6	6
57.5	2	2
57.6	5	5
57.7	7	7
57.8	8	8
57.9	4	4
58	11	11
58.1	9	9
58.2	10	10
58.3	13	13
58.4	7	7
58.5	14	14
58.6	20	20
58.7	12	12
58.8	21	21
58.9	12	12
59	14	14
59.1	24	24
59.2	35	35
59.3	27	27
59.4	44	44
59.5	74	74
59.6	92	92
59.7	83	83
59.8	67	67
59.9	82	82
60	92	92
60.1	97	97
60.2	100	100
60.3	109	109
60.4	163	163
60.5	191	191
60.6	173	173
60.7	146	146
60.8	96	96
60.9	59	59
61	46	46
61.1	19	19
61.2	21	21
61.3	29	29
61.4	27	27
61.5	31	31
61.6	29	29
61.7	28	28
61.8	25	25
61.9	24	24
62	33	33
62.1	29	29
62.2	35	35
62.3	42	42
62.4	46	46
62.5	85	85
62.6	96	96
62.7	89	89
62.8	30	30
62.9	16	16
63	23	23
63.1	7	7
63.2	9	9
63.3	11	11
63.4	4	4
63.5	2	2
63.6	7	7
63.7	3	3
63.8	5	5
63.9	1	1
64	1	1
64.1	4	4
64.2	7	7
64.3	12	12
64.4	7	7
64.5	12	12
64.6	20	20
64.7	13	13
64.8	2	2
64.9	3	3
65	1	1
65.1	8	8
65.2	0	0
65.3	5	5
65.4	3	3
65.5	2	2
65.6	3	3
65.7	1	1
65.8	0	0
65.9	1	1
66	0	0
66.1	2	2
66.2	1	1
66.3	3	3
66.4	2	2
66.5	3	3
66.6	0	0
66.7	1	1
66.8	3	3
66.9	2	2
67	0	0
67.1	1	1
67.2	1	1
67.3	1	1
67.4	1	1
67.5	2	2
67.6	1	1
67.7	4	4
67.8	1	1
67.9	2	2
68	1	1
68.1	0	0
68.2	1	1
68.3	1	1
68.4	0	0
68.5	2	2
68.6	0	0
68.7	1	1
68.8	1	1
68.9	3	3
69	0	0
69.1	1	1
69.2	3	3
69.3	4	4
69.4	2	2
69.5	4	4
69.6	4	4
69.7	9	9
69.8	2	2
69.9	0	0
70	3	3
70.1	0	0
70.2	0	0
70.3	0	0
70.4	1	1
70.5	0	0
70.6	0	0
70.7	1	1
70.8	3	3
70.9	0	0
71	0	0
71.1	1	1
71.2	0	0
71.3	0	0
71.4	0	0
71.5	2	2
71.6	4	4
71.7	3	3
71.8	2	2
71.9	1	1
72	0	0
72.1	0	0
72.2	0	0
72.3	0	0
72.4	0	0
72.5	1	1
72.6	0	0
72.7	0	0
72.8	0	0
72.9	0	0
73	1	1
73.1	0	0
73.2	2	2
73.3	0	0
73.4	0	0
73.5	0	0
73.6	1	1
73.7	0	0
73.8	0	0
73.9	0	0
74	0	0
74.1	0	0
74.2	0	0
74.3	0	0
74.4	0	0
74.5	0	0
74.6	0	0
74.7	1	1
74.8	2	2
74.9	0	0
75	0	0
75.1	0	0
75.2	0	0
75.3	0	0
75.4	0	0
75.5	0	0
75.6	0	0
75.7	0	0
75.8	1	1
75.9	0	0
76	1	1
76.1	0	0
76.2	0	0
76.3	0	0
76.4	1	1
76.5	0	0
76.6	1	1
76.7	1	1
76.8	1	1
76.9	1	1
77	2	2
77.1	1	1
77.2	0	0
77.3	1	1
77.4	2	2
77.5	5	5
77.6	5	5
77.7	2	2
77.8	2	2
77.9	2	2
78	3	3
78.1	6	6
78.2	2	2
78.3	3	3
78.4	3	3
78.5	2	2
78.6	2	2
78.7	6	6
78.8	7	7
78.9	3	3
79	8	8
79.1	5	5
79.2	9	9
79.3	12	12
79.4	17	17
79.5	25	25
79.6	15	15
79.7	32	32
79.8	28	28
79.9	29	29
80	18	18
80.1	25	25
80.2	28	28
80.3	35	35
80.4	24	24
80.5	57	57
80.6	71	71
80.7	52	52
80.8	29	29
80.9	24	24
81	7	7
81.1	7	7
81.2	5	5
81.3	6	6
81.4	11	11
81.5	3	3
81.6	16	16
81.7	12	12
81.8	10	10
81.9	15	15
82	8	8
82.1	17	17
82.2	27	27
82.3	18	18
82.4	31	31
82.5	38	38
82.6	51	51
82.7	37	37
82.8	21	21
82.9	6	6
83	5	5
83.1	5	5
83.2	3	3
83.3	0	0
83.4	2	2
83.5	3	3
83.6	4	4
83.7	5	5
83.8	1	1
83.9	2	2
84	5	5
84.1	1	1
84.2	4	4
84.3	6	6
84.4	4	4
84.5	4	4
84.6	10	10
84.7	4	4
84.8	6	6
84.9	5	5
85	2	2
85.1	2	2
85.2	1	1
85.3	1	1
85.4	0	0
85.5	0	0
85.6	3	3
85.7	3	3
85.8	2	2
85.9	0	0
86	2	2
86.1	0	0
86.2	0	0
86.3	0	0
86.4	2	2
86.5	0	0
86.6	0	0
86.7	0	0
86.8	2	2
86.9	1	1
87	0	0
87.1	0	0
87.2	0	0
87.3	0	0
87.4	1	1
87.5	1	1
87.6	0	0
87.7	0	0
87.8	2	2
87.9	0	0
88	0	0
88.1	0	0
88.2	0	0
88.3	0	0
88.4	0	0
88.5	0	0
88.6	0	0
88.7	0	0
88.8	0	0
88.9	0	0
89	1	1
89.1	0	0
89.2	0	0
89.3	0	0
89.4	0	0
89.5	0	0
89.6	0	0
89.7	0	0
89.8	0	0
89.9	0	0
90	0	0
90.1	3	3
90.2	2	2
90.3	1	1
90.4	1	1
90.5	1	1
90.6	2	2
90.7	1	1
90.8	0	0
90.9	0	0
91	1	1
91.1	0	0
91.2	0	0
91.3	0	0
91.4	0	0
91.5	0	0
91.6	0	0
91.7	0	0
91.8	0	0
91.9	0	0
92	0	0
92.1	0	0
92.2	0	0
92.3	0	0
92.4	0	0
92.5	0	0
92.6	0	0
92.7	0	0
92.8	0	0
92.9	0	0
93	0	0
93.1	0	0
93.2	0	0
93.3	0	0
93.4	1	1
93.5	0	0
93.6	0	0
93.7	0	0
93.8	0	0
93.9	0	0
94	1	1
94.1	0	0
94.2	0	0
94.3	1	1
94.4	0	0
94.5	0	0
94.6	0	0
94.7	0	0
94.8	0	0
94.9	0	0
95	2	2
95.1	0	0
95.2	1	1
95.3	0	0
95.4	0	0
95.5	0	0
95.6	1	1
95.7	1	1
95.8	2	2
95.9	0	0
96	1	1
96.1	0	0
96.2	1	1
96.3	0	0
96.4	1	1
96.5	0	0
96.6	0	0
96.7	0	0
96.8	0	0
96.9	2	2
97	0	0
97.1	0	0
97.2	0	0
97.3	1	1
97.4	3	3
97.5	2	2
97.6	2	2
97.7	1	1
97.8	1	1
97.9	4	4
98	5	5
98.1	3	3
98.2	1	1
98.3	0	0
98.4	2	2
98.5	1	1
98.6	4	4
98.7	1	1
98.8	3	3
98.9	1	1
99	3	3
99.1	2	2
99.2	4	4
99.3	5	5
99.4	6	6
99.5	5	5
99.6	7	7
99.7	18	18
99.8	14	14
99.9	20	20
100	10	10
100.1	10	10
100.2	7	7
100.3	10	10
100.4	20	20
100.5	42	42
100.6	35	35
100.7	70	70
100.8	37	37
100.9	20	20
101	14	14
101.1	7	7
101.2	3	3
101.3	10	10
101.4	3	3
101.5	7	7
101.6	13	13
101.7	15	15
101.8	14	14
101.9	7	7
102	18	18
102.1	10	10
102.2	9	9
102.3	6	6
102.4	15	15
102.5	23	23
102.6	29	29
102.7	26	26
102.8	11	11
102.9	11	11
103	6	6
103.1	5	5
103.2	11	11
103.3	2	2
103.4	3	3
103.5	8	8
103.6	6	6
103.7	4	4
103.8	6	6
103.9	4	4
104	4	4
104.1	3	3
104.2	4	4
104.3	6	6
104.4	6	6
104.5	5	5
104.6	10	10
104.7	13	13
104.8	6	6
104.9	5	5
105	2	2
105.1	2	2
105.2	0	0
105.3	1	1
105.4	1	1
105.5	0	0
105.6	1	1
105.7	2	2
105.8	2	2
105.9	1	1
106	0	0
106.1	0	0
106.2	0	0
106.3	2	2
106.4	2	2
106.5	0	0
106.6	2	2
106.7	5	5
106.8	1	1
106.9	0	0
107	0	0
107.1	1	1
107.2	0	0
107.3	0	0
107.4	0	0
107.5	0	0
107.6	0	0
107.7	1	1
107.8	0	0
107.9	0	0
108	0	0
108.1	0	0
108.2	0	0
108.3	0	0
108.4	1	1
108.5	0	0
108.6	0	0
108.7	0	0
108.8	1	1
108.9	0	0
109	1	1
109.1	0	0
109.2	0	0
109.3	0	0
109.4	0	0
109.5	1	1
109.6	0	0
109.7	0	0
109.8	0	0
109.9	0	0
110	0	0
110.1	0	0
110.2	0	0
110.3	0	0
110.4	0	0
110.5	0	0
110.6	0	0
110.7	0	0
110.8	0	0
110.9	0	0
111	0	0
111.1	0	0
111.2	0	0
111.3	0	0
111.4	1	1
111.5	0	0
111.6	0	0
111.7	0	0
111.8	0	0
111.9	0	0
112	0	0
112.1	0	0
112.2	0	0
112.3	0	0
112.4	0	0
112.5	0	0
112.6	0	0
112.7	0	0
112.8	0	0
112.9	0	0
113	0	0
113.1	0	0
113.2	0	0
113.3	0	0
113.4	0	0
113.5	0	0
113.6	0	0
113.7	0	0
113.8	0	0
113.9	0	0
114	1	1
114.1	0	0
114.2	0	0
114.3	0	0
114.4	1	1
114.5	0	0
114.6	1	1
114.7	0	0
114.8	0	0
114.9	0	0
115	0	0
115.1	0	0
115.2	0	0
115.3	1	1
115.4	0	0
115.5	0	0
115.6	2	2
115.7	1	1
115.8	1	1
115.9	0	0
116	1	1
116.1	0	0
116.2	0	0
116.3	0	0
116.4	0	0
116.5	1	1
116.6	0	0
116.7	0	0
116.8	0	0
116.9	0	0
117	0	0
117.1	0	0
117.2	0	0
117.3	0	0
117.4	0	0
117.5	2	2
117.6	0	0
117.7	0	0
117.8	3	3
117.9	2	2
118	2	2
118.1	2	2
118.2	0	0
118.3	2	2
118.4	4	4
118.5	2	2
118.6	0	0
118.7	2	2
118.8	1	1
118.9	5	5
119	0	0
119.1	0	0
119.2	0	0
119.3	5	5
119.4	3	3
119.5	7	7
119.6	7	7
119.7	5	5
119.8	14	14
119.9	14	14
120	10	10
120.1	9	9
120.2	14	14
120.3	10	10
120.4	11	11
120.5	18	18
120.6	23	23
120.7	32	32
120.8	29	29
120.9	22	22
121	17	17
121.1	7	7
121.2	7	7
121.3	4	4
121.4	3	3
121.5	12	12
121.6	7	7
121.7	9	9
121.8	17	17
121.9	13	13
122	12	12
122.1	9	9
122.2	7	7
122.3	4	4
122.4	17	17
122.5	23	23
122.6	21	21
122.7	33	33
122.8	22	22
122.9	20	20
123	5	5
123.1	3	3
123.2	4	4
123.3	5	5
123.4	0	0
123.5	1	1
123.6	2	2
123.7	5	5
123.8	4	4
123.9	7	7
124	3	3
124.1	0	0
124.2	4	4
124.3	2	2
124.4	3	3
124.5	7	7
124.6	13	13
124.7	17	17
124.8	13	13
124.9	9	9
125	0	0
125.1	2	2
125.2	4	4
125.3	2	2
125.4	2	2
125.5	3	3
125.6	0	0
125.7	1	1
125.8	0	0
125.9	0	0
126	1	1
126.1	0	0
126.2	0	0
126.3	1	1
126.4	0	0
126.5	2	2
126.6	0	0
126.7	1	1
126.8	2	2
126.9	4	4
127	0	0
127.1	0	0
127.2	0	0
127.3	1	1
127.4	2	2
127.5	1	1
127.6	1	1
127.7	0	0
127.8	1	1
127.9	0	0
128	2	2
128.1	2	2
128.2	0	0
128.3	1	1
128.4	0	0
128.5	1	1
128.6	0	0
128.7	1	1
128.8	1	1
128.9	3	3
129	0	0
129.1	1	1
129.2	0	0
129.3	2	2
129.4	0	0
129.5	0	0
129.6	0	0
129.7	0	0
129.8	2	2
129.9	0	0
