# SCAN started at: 2018-05-22 12:17:47
# Mass_Scan Elen: _70
# ----------------------------------------
# 
38	-41.74
38.3	-42.02
38.6	-41.81
38.9	-40.38
39.2	-40.84
39.5	-41.85
39.8	-40.2
40.1	-38.18
40.4	-38.49
40.7	-37.41
41	-41.34
41.3	-40.72
41.6	-40.93
41.9	-37.11
42.2	-40.39
42.5	-41.38
42.8	-41.11
43.1	-37.21
43.4	-40.6
43.7	-37.81
44	-41.42
44.3	-40.98
44.6	-37.1
44.9	-38.82
45.2	-41.27
45.5	-40.41
45.8	-41.14
46.1	-41.24
46.4	-37.13
46.7	-38.45
47	-40.89
47.3	-41.91
47.6	-40.97
47.9	-39.23
48.2	-37.11
48.5	-37.67
48.8	-41.44
49.1	-41.65
49.4	-37.34
49.7	-40.87
50	-37.42
50.3	-37.88
50.6	-40.89
50.9	-37.87
51.2	-37.26
51.5	-39
51.8	-38.17
52.1	-41.06
52.4	-41.36
52.7	-37.26
53	-41.52
53.3	-37.75
53.6	-38.17
53.9	-38.07
54.2	-39.12
54.5	-41.08
54.8	-40.92
55.1	-39.66
55.4	-40.43
55.7	-41.01
56	-40.54
56.3	-40.14
56.6	-37.47
56.9	-37.59
57.2	-38.37
57.5	-37.71
57.8	-41.3
58.1	-37.22
58.4	-38.38
58.7	-41.4
59	-37.93
59.3	-37.31
59.6	-39.02
59.9	-40.44
60.2	-37.43
60.5	-41.91
60.8	-40.73
61.1	-41.74
61.4	-37.79
61.7	-39.41
62	-37.09
62.3	-41.89
62.6	-40.04
62.9	-37.4
63.2	-37.58
63.5	-37.45
63.8	-41.16
64.1	-40.29
64.4	-39.88
64.7	-37.15
65	-39.03
65.3	-40.44
65.6	-37.39
65.9	-41.55
66.2	-37.38
66.5	-39.23
66.8	-41.29
67.1	-39.18
67.4	-41.59
67.7	-38.85
68	-41.32
68.3	-40.89
68.6	-37.18
68.9	-38.8
69.2	-41.64
69.5	-40.45
69.8	-41.79
70.1	-40.92
70.4	-37.94
70.7	-41.21
71	-37.56
71.3	-41.33
71.6	-39.21
71.9	-37.45
72.2	-41.95
72.5	-38.01
72.8	-41.97
73.1	-41.75
73.4	-37.27
73.7	-38.82
74	-41.86
74.3	-39.65
74.6	-41.55
74.9	-37.34
75.2	-37.75
75.5	-38.89
75.8	-41.74
76.1	-41.9
76.4	-41.34
76.7	-38.92
77	-41.8
77.3	-40.76
77.6	-37.25
77.9	-37.92
78.2	-37.56
78.5	-40.76
78.8	-41.22
79.1	-37.51
79.4	-38.45
79.7	-40.54
80	-40.83
80.3	-37.38
80.6	-41.9
80.9	-38.52
81.2	-37.39
81.5	-41.87
81.8	-41.87
82.1	-41.94
82.4	-40.43
82.7	-42
83	-39.82
83.3	-41.86
83.6	-41.15
83.9	-39.17
84.2	-42.02
84.5	-41.84
84.8	-41.33
85.1	-37.73
85.4	-37.45
85.7	-41.86
86	-37.41
86.3	-37.14
86.6	-40.94
86.9	-39.13
87.2	-40.03
87.5	-38.3
87.8	-40.95
88.1	-41.43
88.4	-37.87
88.7	-41.12
89	-40.52
89.3	-41.78
89.6	-37.4
89.9	-37.68
90.2	-38.38
90.5	-40.04
90.8	-39.05
91.1	-39.87
91.4	-39.56
91.7	-40.97
92	-39.55
92.3	-37.12
92.6	-39.22
92.9	-37.33
93.2	-40.4
93.5	-41.66
93.8	-37.12
94.1	-37.36
94.4	-38.92
94.7	-41.78
95	-38.2
95.3	-37.53
95.6	-37.2
95.9	-39.83
96.2	-39.07
96.5	-41.62
96.8	-39.89
97.1	-38.52
97.4	-40.73
97.7	-37.12
98	-40.95
98.3	-37.64
98.6	-39.79
98.9	-41.81
99.2	-41.97
99.5	-41.43
99.8	-39.34
100.1	-41.49
100.4	-39.46
100.7	-38.78
101	-38.09
101.3	-37.99
101.6	-40.42
101.9	-39.77
102.2	-41.78
102.5	-42.02
102.8	-41.89
103.1	-41.83
103.4	-41.54
103.7	-40.96
104	-37.22
104.3	-40.37
104.6	-37.99
104.9	-37.19
105.2	-40.88
105.5	-40.25
105.8	-37.36
106.1	-41.8
106.4	-41.89
106.7	-39.25
107	-37.75
107.3	-41.99
107.6	-39.97
107.9	-37.6
108.2	-41.69
108.5	-41.84
108.8	-37.98
109.1	-42.05
109.4	-38.64
109.7	-37.66
110	-41.9
110.3	-39.94
110.6	-37.33
110.9	-42
111.2	-38.71
111.5	-39
111.8	-38.64
112.1	-40.78
112.4	-37.23
112.7	-41.81
113	-40.35
113.3	-41.35
113.6	-37.32
113.9	-41.72
114.2	-40.49
114.5	-41.45
114.8	-39.62
115.1	-37.64
115.4	-40.78
115.7	-41.94
116	-38.47
116.3	-37.23
116.6	-38.78
116.9	-39.11
117.2	-40.97
117.5	-38.76
117.8	-41.66
118.1	-42.08
118.4	-41.34
118.7	-37.16
119	-40.6
119.3	-37.28
119.6	-41.9
119.9	-37.48
120.2	-37.27
120.5	-41.72
120.8	-41.76
121.1	-38.98
121.4	-40.87
121.7	-38.05
122	-37.18
122.3	-40.34
122.6	-39.49
122.9	-41.97
123.2	-41.04
123.5	-37.23
123.8	-41.98
124.1	-41.5
124.4	-38.39
124.7	-41.68
125	-37.65
125.3	-42.03
125.6	-38.02
125.9	-41.86
126.2	-37.29
126.5	-37.25
126.8	-41.87
127.1	-41.93
127.4	-39.97
127.7	-42.04
128	-37.08
128.3	-37.62
128.6	-40.69
128.9	-37.27
129.2	-37.51
129.5	-37.34
129.8	-40.8
130.1	-42.05
130.4	-39.65
130.7	-40.23
131	-40.57
131.3	-40.09
131.6	-37.85
131.9	-39.25
132.2	-39.95
132.5	-37.25
132.8	-40.24
133.1	-37.62
133.4	-37.45
133.7	-37.87
134	-41.98
134.3	-37.5
134.6	-41.54
134.9	-40.02
135.2	-41.75
135.5	-40.52
135.8	-38.98
136.1	-38.46
136.4	-38.61
136.7	-37.29
137	-38.28
137.3	-40.6
137.6	-40.99
137.9	-41.02
138.2	-37.71
138.5	-42.02
138.8	-39.16
139.1	-39.11
139.4	-37.55
139.7	-41.14
140	-38.34
140.3	-38.25
140.6	-41.75
140.9	-41.67
141.2	-40.42
141.5	-41.65
141.8	-41.38
142.1	-40.19
142.4	-37.43
142.7	-38.46
143	-40.78
143.3	-41.39
143.6	-37.34
143.9	-41.54
144.2	-39.48
144.5	-41.16
144.8	-39.48
145.1	-40.23
145.4	-39.97
145.7	-41.86
146	-40.22
146.3	-39.65
146.6	-40.93
146.9	-41.16
147.2	-38.33
147.5	-41.01
147.8	-42.02
148.1	-41.86
148.4	-39.38
148.7	-37.56
149	-40.85
149.3	-40.3
149.6	-38.51
149.9	-39.66
150.2	-40.45
150.5	-37.33
150.8	-40.29
151.1	-41.54
151.4	-42.04
151.7	-40.53
152	-41.96
152.3	-41.97
152.6	-41.34
152.9	-37.45
153.2	-37.62
153.5	-41.26
153.8	-37.87
154.1	-38.54
154.4	-37.4
154.7	-41.87
155	-39.01
155.3	-37.25
155.6	-38.03
155.9	-41.29
156.2	-37.75
156.5	-42.07
156.8	-41.6
157.1	-41.03
157.4	-37.43
157.7	-41.64
158	-40.83
158.3	-40.91
158.6	-38.06
158.9	-37.26
159.2	-37.61
159.5	-40.87
159.8	-41.24
160.1	-41.37
160.4	-39.95
160.7	-41.99
161	-38
161.3	-41.89
161.6	-37.91
161.9	-38.2
162.2	-38.85
162.5	-41.51
162.8	-40.05
163.1	-41.94
163.4	-40.58
163.7	-40.8
164	-41.27
164.3	-42.08
164.6	-38.03
164.9	-40.93
165.2	-41.64
165.5	-37.07
165.8	-37.43
166.1	-42.03
166.4	-40.88
166.7	-37.19
167	-41.82
167.3	-39.29
167.6	-37.33
167.9	-37.99
168.2	-37.76
168.5	-40.61
168.8	-38.34
169.1	-37.2
169.4	-37.87
169.7	-41.33
170	-37.3
170.3	-41.46
170.6	-41.65
170.9	-38.4
171.2	-39.19
171.5	-38.62
171.8	-37.58
172.1	-39.09
172.4	-37.64
172.7	-40.27
173	-38.67
173.3	-41.84
173.6	-39.08
173.9	-41.58
174.2	-37.24
174.5	-38.8
174.8	-37.66
175.1	-40.05
175.4	-37.05
175.7	-38.02
176	-38.07
176.3	-41.25
176.6	-37.22
176.9	-41.92
177.2	-41.8
177.5	-41.89
177.8	-41.93
178.1	-40.93
178.4	-37.29
178.7	-41.2
179	-39.03
179.3	-38.71
179.6	-39.53
179.9	-40.17
180.2	-38.4
180.5	-42.03
180.8	-37.71
181.1	-37.27
181.4	-38.89
181.7	-41.58
182	-37.35
182.3	-37.19
182.6	-37.35
182.9	-37.39
183.2	-37.5
183.5	-39.78
183.8	-37.48
184.1	-38.27
184.4	-38.07
184.7	-40.47
185	-37.17
185.3	-39.69
185.6	-41.21
185.9	-37.55
186.2	-37.24
186.5	-41.88
186.8	-41.91
187.1	-42.02
187.4	-39.16
187.7	-37.64
188	-42.07
188.3	-37.75
188.6	-41.16
188.9	-41.76
189.2	-41.26
189.5	-38.1
189.8	-39.23
190.1	-41.71
190.4	-37.63
190.7	-37.8
191	-40.34
191.3	-37.14
191.6	-37.76
191.9	-39.05
192.2	-42.03
192.5	-40.63
192.8	-38.3
193.1	-37.21
193.4	-40.23
193.7	-39.3
194	-41.99
194.3	-37.19
194.6	-41.83
194.9	-41.73
195.2	-39.24
195.5	-41.61
195.8	-38.27
196.1	-39.9
196.4	-38.57
196.7	-41.91
197	-40.17
197.3	-40.43
197.6	-38.17
197.9	-41.46
198.2	-41.96
198.5	-41.95
198.8	-37.93
199.1	-40.86
199.4	-40.67
199.7	-37.4
200	-41.57
200.3	-37.62
200.6	-38.58
200.9	-37.75
201.2	-40.48
201.5	-38.23
201.8	-37.68
202.1	-37.83
202.4	-41.34
202.7	-41.97
203	-41.67
203.3	-41.88
203.6	-41.98
203.9	-42
204.2	-38.06
204.5	-41.36
204.8	-37.62
205.1	-38.49
205.4	-37.35
205.7	-39.89
206	-40.96
206.3	-38.65
206.6	-39.18
206.9	-40.57
207.2	-41.14
207.5	-41.74
207.8	-37.11
208.1	-41.8
208.4	-39.03
208.7	-40.83
209	-40.89
209.3	-38.06
209.6	-37.34
209.9	-41.93
210.2	-38.7
210.5	-41.63
210.8	-37.63
211.1	-37.17
211.4	-37.85
211.7	-40.01
212	-37.68
212.3	-42.15
212.6	-37.54
212.9	-41.95
213.2	-40.53
213.5	-41.81
213.8	-37.35
214.1	-38.34
214.4	-42.09
214.7	-41.23
215	-37.56
215.3	-41.46
215.6	-37.28
215.9	-37.18
216.2	-39.55
216.5	-39.08
216.8	-39.18
217.1	-39.17
217.4	-37.4
217.7	-38.24
218	-42
218.3	-42.06
218.6	-41.38
218.9	-37.28
219.2	-42.06
219.5	-37.3
219.8	-39.68
220.1	-39.2
220.4	-41.82
220.7	-38.21
221	-42.19
221.3	-37.87
221.6	-37.45
221.9	-40.13
222.2	-38.91
222.5	-42.09
222.8	-38.74
223.1	-37.7
223.4	-41.55
223.7	-39.45
224	-38.73
224.3	-38.21
224.6	-39.59
224.9	-40.98
225.2	-40.04
225.5	-39.89
225.8	-40.68
226.1	-37.36
226.4	-41.73
226.7	-41.53
227	-40.94
227.3	-39.57
227.6	-40.22
227.9	-41.49
228.2	-41.35
228.5	-37.39
228.8	-41.67
229.1	-37.44
229.4	-40.62
229.7	-41.99
230	-37.29
230.3	-37.17
230.6	-38.35
230.9	-41.74
231.2	-41.04
231.5	-37.17
231.8	-38
232.1	-39.22
232.4	-38.73
232.7	-41.1
233	-38.86
233.3	-38.43
233.6	-39.81
233.9	-41.98
234.2	-37.67
234.5	-41.34
234.8	-42.01
235.1	-41.4
235.4	-40.44
235.7	-39.95
236	-37.32
236.3	-41.73
236.6	-39.97
236.9	-37.47
237.2	-41.37
237.5	-41.91
237.8	-37.42
238.1	-37.61
238.4	-40.11
238.7	-37.5
239	-38.06
239.3	-42
239.6	-37.52
239.9	-41.86
240.2	-39.46
240.5	-37.76
240.8	-38.82
241.1	-38.37
241.4	-41.56
241.7	-38.81
242	-39.62
242.3	-38.34
242.6	-38.16
242.9	-41.94
243.2	-38.23
243.5	-41.98
243.8	-40.14
244.1	-40.68
244.4	-40.5
244.7	-37.35
245	-37.37
245.3	-38.41
245.6	-38.26
245.9	-38.18
246.2	-40.92
246.5	-41.1
246.8	-37.45
247.1	-41.75
247.4	-39.29
247.7	-39.26
248	-42.03
248.3	-37.7
248.6	-41.85
248.9	-41.82
249.2	-38.6
249.5	-38.04
249.8	-38.62
250.1	-41.9
250.4	-37.38
250.7	-39.9
251	-37.65
251.3	-39.95
251.6	-38.31
251.9	-37.26
252.2	-40.29
252.5	-40.54
252.8	-41.9
253.1	-40.25
253.4	-40.84
253.7	-39.71
254	-41.68
254.3	-37.33
254.6	-38.28
254.9	-39.79
255.2	-37.64
255.5	-41.95
255.8	-37.32
256.1	-42.02
256.4	-38.02
256.7	-37.91
257	-41.06
257.3	-40.59
257.6	-41.9
257.9	-42.05
258.2	-41.01
258.5	-37.34
258.8	-41.45
259.1	-41.92
259.4	-40.52
259.7	-41.27
260	-42.01
260.3	-39.32
260.6	-39.68
260.9	-41.89
261.2	-39.25
261.5	-41.12
261.8	-41.72
262.1	-38.69
262.4	-37.32
262.7	-42.05
263	-41.65
263.3	-37.39
263.6	-41.56
263.9	-38.57
264.2	-38.19
264.5	-41.47
264.8	-37.41
265.1	-40.02
265.4	-41.79
265.7	-40.12
266	-37.05
266.3	-41.87
266.6	-41.62
266.9	-40.53
267.2	-41.21
267.5	-37.36
267.8	-41.7
268.1	-41.58
268.4	-41.74
268.7	-41.85
269	-40.41
269.3	-42
269.6	-41.52
269.9	-40.3
270.2	-39.77
270.5	-42.02
270.8	-41.52
271.1	-41.74
271.4	-42.13
271.7	-42.13
272	-37.85
272.3	-39.21
272.6	-37.59
272.9	-41.39
273.2	-37.27
273.5	-39.07
273.8	-37.51
274.1	-39.64
274.4	-39.85
274.7	-38.62
275	-40.74
275.3	-37.56
275.6	-41.5
275.9	-39.81
276.2	-41.28
276.5	-38.06
276.8	-40.94
277.1	-37.64
277.4	-41.89
277.7	-38.26
278	-37.72
278.3	-41.03
278.6	-41.31
278.9	-41.03
279.2	-41.51
279.5	-41.82
279.8	-41
280.1	-41.84
280.4	-38.57
280.7	-37.15
281	-41.29
281.3	-37.43
281.6	-41.83
281.9	-40.47
282.2	-39.97
282.5	-37.68
282.8	-41.37
283.1	-40.13
283.4	-40.44
283.7	-37.98
284	-38.02
284.3	-41.32
284.6	-37.73
284.9	-38.87
285.2	-41.61
285.5	-41.15
285.8	-41.18
286.1	-37.26
286.4	-39.5
286.7	-37.39
287	-39.35
287.3	-40.82
287.6	-39.29
287.9	-40.78
288.2	-37.47
288.5	-38.15
288.8	-37.87
289.1	-41.97
289.4	-37.81
289.7	-37.22
290	-37.44
290.3	-38.44
290.6	-40.63
290.9	-39.3
291.2	-42.01
291.5	-39.08
291.8	-37.34
292.1	-39.38
292.4	-37.29
292.7	-40.8
293	-39.01
293.3	-40.01
293.6	-39.19
293.9	-40.12
294.2	-37.27
294.5	-41.65
294.8	-41.66
295.1	-37.28
295.4	-38.81
295.7	-38.04
296	-38.41
296.3	-37.73
296.6	-40.75
296.9	-38.83
297.2	-41.74
297.5	-41.11
297.8	-38.07
298.1	-38.65
298.4	-39.63
298.7	-39.71
299	-42.03
299.3	-37.23
299.6	-41.76
299.9	-41.46
300.2	-37.94
300.5	-42.19
300.8	-37.8
301.1	-42.02
301.4	-40.26
301.7	-41.21
302	-37.24
302.3	-39.73
302.6	-38.74
302.9	-37.64
303.2	-37.24
303.5	-38.13
303.8	-40.71
304.1	-39.35
304.4	-40.74
304.7	-41.89
305	-41.42
305.3	-39.23
305.6	-37.3
305.9	-40.51
306.2	-39.35
306.5	-41.71
306.8	-37.26
307.1	-38.58
307.4	-39.23
307.7	-42.13
308	-39.94
308.3	-37.54
308.6	-41.83
308.9	-41.77
309.2	-42.09
309.5	-41.88
309.8	-40.05
310.1	-39.2
310.4	-40.76
310.7	-39.98
311	-41.08
311.3	-41.99
311.6	-42.07
311.9	-41.23
312.2	-41.63
312.5	-42.12
312.8	-39
313.1	-39.53
313.4	-37.48
313.7	-38.42
314	-37.43
314.3	-41.08
314.6	-37.36
314.9	-41.28
315.2	-42.17
315.5	-40.09
315.8	-40.32
316.1	-37.82
316.4	-41.05
316.7	-37.2
317	-41.63
317.3	-39.4
317.6	-39.37
317.9	-39.16
318.2	-40.78
318.5	-37.79
318.8	-39.66
319.1	-41.09
319.4	-37.81
319.7	-41.32
320	-42.04
320.3	-40.79
320.6	-37.25
320.9	-37.29
321.2	-37.84
321.5	-42.17
321.8	-42.08
322.1	-37.25
322.4	-39.22
322.7	-40.59
323	-40.53
323.3	-37.4
323.6	-37.24
323.9	-40.54
324.2	-37.24
324.5	-40.68
324.8	-41.99
325.1	-41.03
325.4	-37.32
325.7	-37.23
326	-40.34
326.3	-39.51
326.6	-41.1
326.9	-41.89
327.2	-37.65
327.5	-37.36
327.8	-40.54
328.1	-39.93
328.4	-37.21
328.7	-42.29
329	-42.03
329.3	-41.8
329.6	-41.07
329.9	-39.49
