# SCAN started at: 2018-05-22 12:17:47
# Mass_Scan Elen: _70
# ----------------------------------------
# 
38	1.034e-08
38.3	1.034e-08
38.6	1.034e-08
38.9	1.034e-08
39.2	1.034e-08
39.5	1.034e-08
39.8	1.034e-08
40.1	1.034e-08
40.4	1.034e-08
40.7	1.034e-08
41	1.025e-08
41.3	1.025e-08
41.6	1.025e-08
41.9	1.025e-08
42.2	1.025e-08
42.5	1.025e-08
42.8	1.025e-08
43.1	1.025e-08
43.4	1.025e-08
43.7	1.025e-08
44	1.027e-08
44.3	1.027e-08
44.6	1.027e-08
44.9	1.027e-08
45.2	1.027e-08
45.5	1.027e-08
45.8	1.027e-08
46.1	1.027e-08
46.4	1.027e-08
46.7	1.027e-08
47	1.023e-08
47.3	1.023e-08
47.6	1.023e-08
47.9	1.023e-08
48.2	1.023e-08
48.5	1.023e-08
48.8	1.023e-08
49.1	1.023e-08
49.4	1.023e-08
49.7	1.023e-08
50	1.021e-08
50.3	1.021e-08
50.6	1.021e-08
50.9	1.021e-08
51.2	1.021e-08
51.5	1.021e-08
51.8	1.021e-08
52.1	1.021e-08
52.4	1.021e-08
52.7	1.021e-08
53	1.024e-08
53.3	1.024e-08
53.6	1.024e-08
53.9	1.024e-08
54.2	1.024e-08
54.5	1.024e-08
54.8	1.024e-08
55.1	1.024e-08
55.4	1.024e-08
55.7	1.024e-08
56	1.022e-08
56.3	1.022e-08
56.6	1.022e-08
56.9	1.022e-08
57.2	1.022e-08
57.5	1.022e-08
57.8	1.022e-08
58.1	1.022e-08
58.4	1.022e-08
58.7	1.022e-08
59	1.032e-08
59.3	1.032e-08
59.6	1.032e-08
59.9	1.032e-08
60.2	1.032e-08
60.5	1.032e-08
60.8	1.032e-08
61.1	1.032e-08
61.4	1.032e-08
61.7	1.032e-08
62	1.032e-08
62.3	1.032e-08
62.6	1.032e-08
62.9	1.032e-08
63.2	1.032e-08
63.5	1.032e-08
63.8	1.032e-08
64.1	1.032e-08
64.4	1.032e-08
64.7	1.032e-08
65	1.031e-08
65.3	1.031e-08
65.6	1.031e-08
65.9	1.031e-08
66.2	1.031e-08
66.5	1.031e-08
66.8	1.031e-08
67.1	1.031e-08
67.4	1.031e-08
67.7	1.031e-08
68	1.03e-08
68.3	1.03e-08
68.6	1.03e-08
68.9	1.03e-08
69.2	1.03e-08
69.5	1.03e-08
69.8	1.03e-08
70.1	1.03e-08
70.4	1.03e-08
70.7	1.03e-08
71	1.029e-08
71.3	1.029e-08
71.6	1.029e-08
71.9	1.029e-08
72.2	1.029e-08
72.5	1.029e-08
72.8	1.029e-08
73.1	1.029e-08
73.4	1.029e-08
73.7	1.029e-08
74	1.031e-08
74.3	1.031e-08
74.6	1.031e-08
74.9	1.031e-08
75.2	1.031e-08
75.5	1.031e-08
75.8	1.031e-08
76.1	1.031e-08
76.4	1.031e-08
76.7	1.031e-08
77	1.03e-08
77.3	1.03e-08
77.6	1.03e-08
77.9	1.03e-08
78.2	1.03e-08
78.5	1.03e-08
78.8	1.03e-08
79.1	1.03e-08
79.4	1.03e-08
79.7	1.03e-08
80	1.024e-08
80.3	1.024e-08
80.6	1.024e-08
80.9	1.024e-08
81.2	1.024e-08
81.5	1.024e-08
81.8	1.024e-08
82.1	1.024e-08
82.4	1.024e-08
82.7	1.024e-08
83	1.029e-08
83.3	1.029e-08
83.6	1.029e-08
83.9	1.029e-08
84.2	1.029e-08
84.5	1.029e-08
84.8	1.029e-08
85.1	1.029e-08
85.4	1.029e-08
85.7	1.029e-08
86	1.037e-08
86.3	1.037e-08
86.6	1.037e-08
86.9	1.037e-08
87.2	1.037e-08
87.5	1.037e-08
87.8	1.037e-08
88.1	1.037e-08
88.4	1.037e-08
88.7	1.037e-08
89	1.028e-08
89.3	1.028e-08
89.6	1.028e-08
89.9	1.028e-08
90.2	1.028e-08
90.5	1.028e-08
90.8	1.028e-08
91.1	1.028e-08
91.4	1.028e-08
91.7	1.028e-08
92	1.034e-08
92.3	1.034e-08
92.6	1.034e-08
92.9	1.034e-08
93.2	1.034e-08
93.5	1.034e-08
93.8	1.034e-08
94.1	1.034e-08
94.4	1.034e-08
94.7	1.034e-08
95	1.032e-08
95.3	1.032e-08
95.6	1.032e-08
95.9	1.032e-08
96.2	1.032e-08
96.5	1.032e-08
96.8	1.032e-08
97.1	1.032e-08
97.4	1.032e-08
97.7	1.032e-08
98	1.032e-08
98.3	1.032e-08
98.6	1.032e-08
98.9	1.032e-08
99.2	1.032e-08
99.5	1.032e-08
99.8	1.032e-08
100.1	1.032e-08
100.4	1.032e-08
100.7	1.032e-08
101	1.031e-08
101.3	1.031e-08
101.6	1.031e-08
101.9	1.031e-08
102.2	1.031e-08
102.5	1.031e-08
102.8	1.031e-08
103.1	1.031e-08
103.4	1.031e-08
103.7	1.031e-08
104	1.03e-08
104.3	1.03e-08
104.6	1.03e-08
104.9	1.03e-08
105.2	1.03e-08
105.5	1.03e-08
105.8	1.03e-08
106.1	1.03e-08
106.4	1.03e-08
106.7	1.03e-08
107	1.025e-08
107.3	1.025e-08
107.6	1.025e-08
107.9	1.025e-08
108.2	1.025e-08
108.5	1.025e-08
108.8	1.025e-08
109.1	1.025e-08
109.4	1.025e-08
109.7	1.025e-08
110	1.031e-08
110.3	1.031e-08
110.6	1.031e-08
110.9	1.031e-08
111.2	1.031e-08
111.5	1.031e-08
111.8	1.031e-08
112.1	1.031e-08
112.4	1.031e-08
112.7	1.031e-08
113	1.023e-08
113.3	1.023e-08
113.6	1.023e-08
113.9	1.023e-08
114.2	1.023e-08
114.5	1.023e-08
114.8	1.023e-08
115.1	1.023e-08
115.4	1.023e-08
115.7	1.023e-08
116	1.023e-08
116.3	1.023e-08
116.6	1.023e-08
116.9	1.023e-08
117.2	1.023e-08
117.5	1.023e-08
117.8	1.023e-08
118.1	1.023e-08
118.4	1.023e-08
118.7	1.023e-08
119	1.024e-08
119.3	1.024e-08
119.6	1.024e-08
119.9	1.024e-08
120.2	1.024e-08
120.5	1.024e-08
120.8	1.024e-08
121.1	1.024e-08
121.4	1.024e-08
121.7	1.024e-08
122	1.03e-08
122.3	1.03e-08
122.6	1.03e-08
122.9	1.03e-08
123.2	1.03e-08
123.5	1.03e-08
123.8	1.03e-08
124.1	1.03e-08
124.4	1.03e-08
124.7	1.03e-08
125	1.025e-08
125.3	1.025e-08
125.6	1.025e-08
125.9	1.025e-08
126.2	1.025e-08
126.5	1.025e-08
126.8	1.025e-08
127.1	1.025e-08
127.4	1.025e-08
127.7	1.025e-08
128	1.021e-08
128.3	1.021e-08
128.6	1.021e-08
128.9	1.021e-08
129.2	1.021e-08
129.5	1.021e-08
129.8	1.021e-08
130.1	1.021e-08
130.4	1.021e-08
130.7	1.021e-08
131	1.021e-08
131.3	1.021e-08
131.6	1.021e-08
131.9	1.021e-08
132.2	1.021e-08
132.5	1.021e-08
132.8	1.021e-08
133.1	1.021e-08
133.4	1.021e-08
133.7	1.021e-08
134	1.017e-08
134.3	1.017e-08
134.6	1.017e-08
134.9	1.017e-08
135.2	1.017e-08
135.5	1.017e-08
135.8	1.017e-08
136.1	1.017e-08
136.4	1.017e-08
136.7	1.017e-08
137	1.021e-08
137.3	1.021e-08
137.6	1.021e-08
137.9	1.021e-08
138.2	1.021e-08
138.5	1.021e-08
138.8	1.021e-08
139.1	1.021e-08
139.4	1.021e-08
139.7	1.021e-08
140	1.019e-08
140.3	1.019e-08
140.6	1.019e-08
140.9	1.019e-08
141.2	1.019e-08
141.5	1.019e-08
141.8	1.019e-08
142.1	1.019e-08
142.4	1.019e-08
142.7	1.019e-08
143	1.012e-08
143.3	1.012e-08
143.6	1.012e-08
143.9	1.012e-08
144.2	1.012e-08
144.5	1.012e-08
144.8	1.012e-08
145.1	1.012e-08
145.4	1.012e-08
145.7	1.012e-08
146	1.028e-08
146.3	1.028e-08
146.6	1.028e-08
146.9	1.028e-08
147.2	1.028e-08
147.5	1.028e-08
147.8	1.028e-08
148.1	1.028e-08
148.4	1.028e-08
148.7	1.028e-08
149	1.013e-08
149.3	1.013e-08
149.6	1.013e-08
149.9	1.013e-08
150.2	1.013e-08
150.5	1.013e-08
150.8	1.013e-08
151.1	1.013e-08
151.4	1.013e-08
151.7	1.013e-08
152	1.018e-08
152.3	1.018e-08
152.6	1.018e-08
152.9	1.018e-08
153.2	1.018e-08
153.5	1.018e-08
153.8	1.018e-08
154.1	1.018e-08
154.4	1.018e-08
154.7	1.018e-08
155	1.007e-08
155.3	1.007e-08
155.6	1.007e-08
155.9	1.007e-08
156.2	1.007e-08
156.5	1.007e-08
156.8	1.007e-08
157.1	1.007e-08
157.4	1.007e-08
157.7	1.007e-08
158	1.003e-08
158.3	1.003e-08
158.6	1.003e-08
158.9	1.003e-08
159.2	1.003e-08
159.5	1.003e-08
159.8	1.003e-08
160.1	1.003e-08
160.4	1.003e-08
160.7	1.003e-08
161	1.014e-08
161.3	1.014e-08
161.6	1.014e-08
161.9	1.014e-08
162.2	1.014e-08
162.5	1.014e-08
162.8	1.014e-08
163.1	1.014e-08
163.4	1.014e-08
163.7	1.014e-08
164	1.014e-08
164.3	1.014e-08
164.6	1.014e-08
164.9	1.014e-08
165.2	1.014e-08
165.5	1.014e-08
165.8	1.014e-08
166.1	1.014e-08
166.4	1.014e-08
166.7	1.014e-08
167	1.013e-08
167.3	1.013e-08
167.6	1.013e-08
167.9	1.013e-08
168.2	1.013e-08
168.5	1.013e-08
168.8	1.013e-08
169.1	1.013e-08
169.4	1.013e-08
169.7	1.013e-08
170	1.024e-08
170.3	1.024e-08
170.6	1.024e-08
170.9	1.024e-08
171.2	1.024e-08
171.5	1.024e-08
171.8	1.024e-08
172.1	1.024e-08
172.4	1.024e-08
172.7	1.024e-08
173	1.029e-08
173.3	1.029e-08
173.6	1.029e-08
173.9	1.029e-08
174.2	1.029e-08
174.5	1.029e-08
174.8	1.029e-08
175.1	1.029e-08
175.4	1.029e-08
175.7	1.029e-08
176	1.019e-08
176.3	1.019e-08
176.6	1.019e-08
176.9	1.019e-08
177.2	1.019e-08
177.5	1.019e-08
177.8	1.019e-08
178.1	1.019e-08
178.4	1.019e-08
178.7	1.019e-08
179	1.018e-08
179.3	1.018e-08
179.6	1.018e-08
179.9	1.018e-08
180.2	1.018e-08
180.5	1.018e-08
180.8	1.018e-08
181.1	1.018e-08
181.4	1.018e-08
181.7	1.018e-08
182	1.018e-08
182.3	1.018e-08
182.6	1.018e-08
182.9	1.018e-08
183.2	1.018e-08
183.5	1.018e-08
183.8	1.018e-08
184.1	1.018e-08
184.4	1.018e-08
184.7	1.018e-08
185	1.017e-08
185.3	1.017e-08
185.6	1.017e-08
185.9	1.017e-08
186.2	1.017e-08
186.5	1.017e-08
186.8	1.017e-08
187.1	1.017e-08
187.4	1.017e-08
187.7	1.017e-08
188	1.004e-08
188.3	1.004e-08
188.6	1.004e-08
188.9	1.004e-08
189.2	1.004e-08
189.5	1.004e-08
189.8	1.004e-08
190.1	1.004e-08
190.4	1.004e-08
190.7	1.004e-08
191	1.008e-08
191.3	1.008e-08
191.6	1.008e-08
191.9	1.008e-08
192.2	1.008e-08
192.5	1.008e-08
192.8	1.008e-08
193.1	1.008e-08
193.4	1.008e-08
193.7	1.008e-08
194	1.016e-08
194.3	1.016e-08
194.6	1.016e-08
194.9	1.016e-08
195.2	1.016e-08
195.5	1.016e-08
195.8	1.016e-08
196.1	1.016e-08
196.4	1.016e-08
196.7	1.016e-08
197	1.014e-08
197.3	1.014e-08
197.6	1.014e-08
197.9	1.014e-08
198.2	1.014e-08
198.5	1.014e-08
198.8	1.014e-08
199.1	1.014e-08
199.4	1.014e-08
199.7	1.014e-08
200	1.012e-08
200.3	1.012e-08
200.6	1.012e-08
200.9	1.012e-08
201.2	1.012e-08
201.5	1.012e-08
201.8	1.012e-08
202.1	1.012e-08
202.4	1.012e-08
202.7	1.012e-08
203	1.013e-08
203.3	1.013e-08
203.6	1.013e-08
203.9	1.013e-08
204.2	1.013e-08
204.5	1.013e-08
204.8	1.013e-08
205.1	1.013e-08
205.4	1.013e-08
205.7	1.013e-08
206	1.01e-08
206.3	1.01e-08
206.6	1.01e-08
206.9	1.01e-08
207.2	1.01e-08
207.5	1.01e-08
207.8	1.01e-08
208.1	1.01e-08
208.4	1.01e-08
208.7	1.01e-08
209	1.008e-08
209.3	1.008e-08
209.6	1.008e-08
209.9	1.008e-08
210.2	1.008e-08
210.5	1.008e-08
210.8	1.008e-08
211.1	1.008e-08
211.4	1.008e-08
211.7	1.008e-08
212	1.011e-08
212.3	1.011e-08
212.6	1.011e-08
212.9	1.011e-08
213.2	1.011e-08
213.5	1.011e-08
213.8	1.011e-08
214.1	1.011e-08
214.4	1.011e-08
214.7	1.011e-08
215	1.015e-08
215.3	1.015e-08
215.6	1.015e-08
215.9	1.015e-08
216.2	1.015e-08
216.5	1.015e-08
216.8	1.015e-08
217.1	1.015e-08
217.4	1.015e-08
217.7	1.015e-08
218	1.015e-08
218.3	1.015e-08
218.6	1.015e-08
218.9	1.015e-08
219.2	1.015e-08
219.5	1.015e-08
219.8	1.015e-08
220.1	1.015e-08
220.4	1.015e-08
220.7	1.015e-08
221	1.014e-08
221.3	1.014e-08
221.6	1.014e-08
221.9	1.014e-08
222.2	1.014e-08
222.5	1.014e-08
222.8	1.014e-08
223.1	1.014e-08
223.4	1.014e-08
223.7	1.014e-08
224	1.017e-08
224.3	1.017e-08
224.6	1.017e-08
224.9	1.017e-08
225.2	1.017e-08
225.5	1.017e-08
225.8	1.017e-08
226.1	1.017e-08
226.4	1.017e-08
226.7	1.017e-08
227	1.028e-08
227.3	1.028e-08
227.6	1.028e-08
227.9	1.028e-08
228.2	1.028e-08
228.5	1.028e-08
228.8	1.028e-08
229.1	1.028e-08
229.4	1.028e-08
229.7	1.028e-08
230	1.022e-08
230.3	1.022e-08
230.6	1.022e-08
230.9	1.022e-08
231.2	1.022e-08
231.5	1.022e-08
231.8	1.022e-08
232.1	1.022e-08
232.4	1.022e-08
232.7	1.022e-08
233	1.027e-08
233.3	1.027e-08
233.6	1.027e-08
233.9	1.027e-08
234.2	1.027e-08
234.5	1.027e-08
234.8	1.027e-08
235.1	1.027e-08
235.4	1.027e-08
235.7	1.027e-08
236	1.022e-08
236.3	1.022e-08
236.6	1.022e-08
236.9	1.022e-08
237.2	1.022e-08
237.5	1.022e-08
237.8	1.022e-08
238.1	1.022e-08
238.4	1.022e-08
238.7	1.022e-08
239	1.022e-08
239.3	1.022e-08
239.6	1.022e-08
239.9	1.022e-08
240.2	1.022e-08
240.5	1.022e-08
240.8	1.022e-08
241.1	1.022e-08
241.4	1.022e-08
241.7	1.022e-08
242	1.023e-08
242.3	1.023e-08
242.6	1.023e-08
242.9	1.023e-08
243.2	1.023e-08
243.5	1.023e-08
243.8	1.023e-08
244.1	1.023e-08
244.4	1.023e-08
244.7	1.023e-08
245	1.013e-08
245.3	1.013e-08
245.6	1.013e-08
245.9	1.013e-08
246.2	1.013e-08
246.5	1.013e-08
246.8	1.013e-08
247.1	1.013e-08
247.4	1.013e-08
247.7	1.013e-08
248	9.995e-09
248.3	9.995e-09
248.6	9.995e-09
248.9	9.995e-09
249.2	9.995e-09
249.5	9.995e-09
249.8	9.995e-09
250.1	9.995e-09
250.4	9.995e-09
250.7	9.995e-09
251	1.013e-08
251.3	1.013e-08
251.6	1.013e-08
251.9	1.013e-08
252.2	1.013e-08
252.5	1.013e-08
252.8	1.013e-08
253.1	1.013e-08
253.4	1.013e-08
253.7	1.013e-08
254	1.015e-08
254.3	1.015e-08
254.6	1.015e-08
254.9	1.015e-08
255.2	1.015e-08
255.5	1.015e-08
255.8	1.015e-08
256.1	1.015e-08
256.4	1.015e-08
256.7	1.015e-08
257	1.01e-08
257.3	1.01e-08
257.6	1.01e-08
257.9	1.01e-08
258.2	1.01e-08
258.5	1.01e-08
258.8	1.01e-08
259.1	1.01e-08
259.4	1.01e-08
259.7	1.01e-08
260	1.007e-08
260.3	1.007e-08
260.6	1.007e-08
260.9	1.007e-08
261.2	1.007e-08
261.5	1.007e-08
261.8	1.007e-08
262.1	1.007e-08
262.4	1.007e-08
262.7	1.007e-08
263	1.017e-08
263.3	1.017e-08
263.6	1.017e-08
263.9	1.017e-08
264.2	1.017e-08
264.5	1.017e-08
264.8	1.017e-08
265.1	1.017e-08
265.4	1.017e-08
265.7	1.017e-08
266	1.025e-08
266.3	1.025e-08
266.6	1.025e-08
266.9	1.025e-08
267.2	1.025e-08
267.5	1.025e-08
267.8	1.025e-08
268.1	1.025e-08
268.4	1.025e-08
268.7	1.025e-08
269	1.013e-08
269.3	1.013e-08
269.6	1.013e-08
269.9	1.013e-08
270.2	1.013e-08
270.5	1.013e-08
270.8	1.013e-08
271.1	1.013e-08
271.4	1.013e-08
271.7	1.013e-08
272	1.022e-08
272.3	1.022e-08
272.6	1.022e-08
272.9	1.022e-08
273.2	1.022e-08
273.5	1.022e-08
273.8	1.022e-08
274.1	1.022e-08
274.4	1.022e-08
274.7	1.022e-08
275	1.013e-08
275.3	1.013e-08
275.6	1.013e-08
275.9	1.013e-08
276.2	1.013e-08
276.5	1.013e-08
276.8	1.013e-08
277.1	1.013e-08
277.4	1.013e-08
277.7	1.013e-08
278	1.013e-08
278.3	1.013e-08
278.6	1.013e-08
278.9	1.013e-08
279.2	1.013e-08
279.5	1.013e-08
279.8	1.013e-08
280.1	1.013e-08
280.4	1.013e-08
280.7	1.013e-08
281	1.013e-08
281.3	1.013e-08
281.6	1.013e-08
281.9	1.013e-08
282.2	1.013e-08
282.5	1.013e-08
282.8	1.013e-08
283.1	1.013e-08
283.4	1.013e-08
283.7	1.013e-08
284	1.008e-08
284.3	1.008e-08
284.6	1.008e-08
284.9	1.008e-08
285.2	1.008e-08
285.5	1.008e-08
285.8	1.008e-08
286.1	1.008e-08
286.4	1.008e-08
286.7	1.008e-08
287	1.009e-08
287.3	1.009e-08
287.6	1.009e-08
287.9	1.009e-08
288.2	1.009e-08
288.5	1.009e-08
288.8	1.009e-08
289.1	1.009e-08
289.4	1.009e-08
289.7	1.009e-08
290	1.015e-08
290.3	1.015e-08
290.6	1.015e-08
290.9	1.015e-08
291.2	1.015e-08
291.5	1.015e-08
291.8	1.015e-08
292.1	1.015e-08
292.4	1.015e-08
292.7	1.015e-08
293	1.014e-08
293.3	1.014e-08
293.6	1.014e-08
293.9	1.014e-08
294.2	1.014e-08
294.5	1.014e-08
294.8	1.014e-08
295.1	1.014e-08
295.4	1.014e-08
295.7	1.014e-08
296	1.018e-08
296.3	1.018e-08
296.6	1.018e-08
296.9	1.018e-08
297.2	1.018e-08
297.5	1.018e-08
297.8	1.018e-08
298.1	1.018e-08
298.4	1.018e-08
298.7	1.018e-08
299	1.016e-08
299.3	1.016e-08
299.6	1.016e-08
299.9	1.016e-08
300.2	1.016e-08
300.5	1.016e-08
300.8	1.016e-08
301.1	1.016e-08
301.4	1.016e-08
301.7	1.016e-08
302	1.014e-08
302.3	1.014e-08
302.6	1.014e-08
302.9	1.014e-08
303.2	1.014e-08
303.5	1.014e-08
303.8	1.014e-08
304.1	1.014e-08
304.4	1.014e-08
304.7	1.014e-08
305	1.023e-08
305.3	1.023e-08
305.6	1.023e-08
305.9	1.023e-08
306.2	1.023e-08
306.5	1.023e-08
306.8	1.023e-08
307.1	1.023e-08
307.4	1.023e-08
307.7	1.023e-08
308	1.011e-08
308.3	1.011e-08
308.6	1.011e-08
308.9	1.011e-08
309.2	1.011e-08
309.5	1.011e-08
309.8	1.011e-08
310.1	1.011e-08
310.4	1.011e-08
310.7	1.011e-08
311	1.007e-08
311.3	1.007e-08
311.6	1.007e-08
311.9	1.007e-08
312.2	1.007e-08
312.5	1.007e-08
312.8	1.007e-08
313.1	1.007e-08
313.4	1.007e-08
313.7	1.007e-08
314	1.012e-08
314.3	1.012e-08
314.6	1.012e-08
314.9	1.012e-08
315.2	1.012e-08
315.5	1.012e-08
315.8	1.012e-08
316.1	1.012e-08
316.4	1.012e-08
316.7	1.012e-08
317	1.012e-08
317.3	1.012e-08
317.6	1.012e-08
317.9	1.012e-08
318.2	1.012e-08
318.5	1.012e-08
318.8	1.012e-08
319.1	1.012e-08
319.4	1.012e-08
319.7	1.012e-08
320	1.002e-08
320.3	1.002e-08
320.6	1.002e-08
320.9	1.002e-08
321.2	1.002e-08
321.5	1.002e-08
321.8	1.002e-08
322.1	1.002e-08
322.4	1.002e-08
322.7	1.002e-08
323	1.008e-08
323.3	1.008e-08
323.6	1.008e-08
323.9	1.008e-08
324.2	1.008e-08
324.5	1.008e-08
324.8	1.008e-08
325.1	1.008e-08
325.4	1.008e-08
325.7	1.008e-08
326	1.015e-08
326.3	1.015e-08
326.6	1.015e-08
326.9	1.015e-08
327.2	1.015e-08
327.5	1.015e-08
327.8	1.015e-08
328.1	1.015e-08
328.4	1.015e-08
328.7	1.015e-08
329	1.016e-08
329.3	1.016e-08
329.6	1.016e-08
329.9	1.016e-08
