# SCAN started at: 2018-05-22 13:20:11
# Mass_Scan Elen: _70
# ----------------------------------------
# 
18.1	6.506e-06	6.311e-06	6.386e-06	6.866e-06	6.746e-06	6.782e-06	6.77e-06	6.688e-06	6.769e-06	6.625e-06	6.419e-06	6.576e-06	6.331e-06	6.513e-06	0	0	0	0	0	0
18.12	6.506e-06	6.311e-06	6.386e-06	6.866e-06	6.746e-06	6.782e-06	6.77e-06	6.688e-06	6.769e-06	6.625e-06	6.419e-06	6.576e-06	6.331e-06	6.513e-06	0	0	0	0	0	0
18.14	6.506e-06	6.311e-06	6.386e-06	6.866e-06	6.746e-06	6.782e-06	6.77e-06	6.688e-06	6.769e-06	6.625e-06	6.419e-06	6.576e-06	6.331e-06	6.513e-06	0	0	0	0	0	0
18.16	6.506e-06	6.311e-06	6.386e-06	6.866e-06	6.746e-06	6.782e-06	6.77e-06	6.688e-06	6.769e-06	6.625e-06	6.419e-06	6.576e-06	6.331e-06	6.513e-06	0	0	0	0	0	0
18.18	6.506e-06	6.311e-06	6.386e-06	6.866e-06	6.746e-06	6.782e-06	6.77e-06	6.688e-06	6.769e-06	6.625e-06	6.419e-06	6.576e-06	6.331e-06	6.513e-06	0	0	0	0	0	0
18.2	6.506e-06	6.311e-06	6.386e-06	6.866e-06	6.746e-06	6.782e-06	6.77e-06	6.688e-06	6.769e-06	6.625e-06	6.419e-06	6.576e-06	6.331e-06	6.513e-06	0	0	0	0	0	0
18.22	6.506e-06	6.311e-06	6.386e-06	6.866e-06	6.746e-06	6.782e-06	6.77e-06	6.688e-06	6.769e-06	6.625e-06	6.419e-06	6.576e-06	6.331e-06	6.513e-06	0	0	0	0	0	0
18.24	6.506e-06	6.311e-06	6.386e-06	6.866e-06	6.746e-06	6.782e-06	6.77e-06	6.688e-06	6.769e-06	6.625e-06	6.419e-06	6.576e-06	6.331e-06	6.513e-06	0	0	0	0	0	0
18.26	6.506e-06	6.311e-06	6.386e-06	6.866e-06	6.746e-06	6.782e-06	6.77e-06	6.688e-06	6.769e-06	6.625e-06	6.419e-06	6.576e-06	6.331e-06	6.513e-06	0	0	0	0	0	0
18.28	6.506e-06	6.311e-06	6.386e-06	6.866e-06	6.746e-06	6.782e-06	6.77e-06	6.688e-06	6.769e-06	6.625e-06	6.419e-06	6.576e-06	6.331e-06	6.513e-06	0	0	0	0	0	0
18.3	6.541e-06	6.491e-06	6.349e-06	6.834e-06	6.715e-06	6.888e-06	6.822e-06	6.665e-06	6.691e-06	6.643e-06	6.374e-06	6.591e-06	6.317e-06	6.546e-06	0	0	0	0	0	0
18.32	6.541e-06	6.491e-06	6.349e-06	6.834e-06	6.715e-06	6.888e-06	6.822e-06	6.665e-06	6.691e-06	6.643e-06	6.374e-06	6.591e-06	6.317e-06	6.546e-06	0	0	0	0	0	0
18.34	6.541e-06	6.491e-06	6.349e-06	6.834e-06	6.715e-06	6.888e-06	6.822e-06	6.665e-06	6.691e-06	6.643e-06	6.374e-06	6.591e-06	6.317e-06	6.546e-06	0	0	0	0	0	0
18.36	6.541e-06	6.491e-06	6.349e-06	6.834e-06	6.715e-06	6.888e-06	6.822e-06	6.665e-06	6.691e-06	6.643e-06	6.374e-06	6.591e-06	6.317e-06	6.546e-06	0	0	0	0	0	0
18.38	6.541e-06	6.491e-06	6.349e-06	6.834e-06	6.715e-06	6.888e-06	6.822e-06	6.665e-06	6.691e-06	6.643e-06	6.374e-06	6.591e-06	6.317e-06	6.546e-06	0	0	0	0	0	0
18.4	6.541e-06	6.491e-06	6.349e-06	6.834e-06	6.715e-06	6.888e-06	6.822e-06	6.665e-06	6.691e-06	6.643e-06	6.374e-06	6.591e-06	6.317e-06	6.546e-06	0	0	0	0	0	0
18.42	6.541e-06	6.491e-06	6.349e-06	6.834e-06	6.715e-06	6.888e-06	6.822e-06	6.665e-06	6.691e-06	6.643e-06	6.374e-06	6.591e-06	6.317e-06	6.546e-06	0	0	0	0	0	0
18.44	6.541e-06	6.491e-06	6.349e-06	6.834e-06	6.715e-06	6.888e-06	6.822e-06	6.665e-06	6.691e-06	6.643e-06	6.374e-06	6.591e-06	6.317e-06	6.546e-06	0	0	0	0	0	0
18.46	6.541e-06	6.491e-06	6.349e-06	6.834e-06	6.715e-06	6.888e-06	6.822e-06	6.665e-06	6.691e-06	6.643e-06	6.374e-06	6.591e-06	6.317e-06	6.546e-06	0	0	0	0	0	0
18.48	6.541e-06	6.491e-06	6.349e-06	6.834e-06	6.715e-06	6.888e-06	6.822e-06	6.665e-06	6.691e-06	6.643e-06	6.374e-06	6.591e-06	6.317e-06	6.546e-06	0	0	0	0	0	0
18.5	6.456e-06	6.396e-06	6.378e-06	6.779e-06	6.74e-06	6.838e-06	6.766e-06	6.673e-06	6.74e-06	6.679e-06	6.466e-06	6.606e-06	6.351e-06	6.488e-06	0	0	0	0	0	0
18.52	6.456e-06	6.396e-06	6.378e-06	6.779e-06	6.74e-06	6.838e-06	6.766e-06	6.673e-06	6.74e-06	6.679e-06	6.466e-06	6.606e-06	6.351e-06	6.488e-06	0	0	0	0	0	0
18.54	6.456e-06	6.396e-06	6.378e-06	6.779e-06	6.74e-06	6.838e-06	6.766e-06	6.673e-06	6.74e-06	6.679e-06	6.466e-06	6.606e-06	6.351e-06	6.488e-06	0	0	0	0	0	0
18.56	6.456e-06	6.396e-06	6.378e-06	6.779e-06	6.74e-06	6.838e-06	6.766e-06	6.673e-06	6.74e-06	6.679e-06	6.466e-06	6.606e-06	6.351e-06	6.488e-06	0	0	0	0	0	0
18.58	6.456e-06	6.396e-06	6.378e-06	6.779e-06	6.74e-06	6.838e-06	6.766e-06	6.673e-06	6.74e-06	6.679e-06	6.466e-06	6.606e-06	6.351e-06	6.488e-06	0	0	0	0	0	0
18.6	6.456e-06	6.396e-06	6.378e-06	6.779e-06	6.74e-06	6.838e-06	6.766e-06	6.673e-06	6.74e-06	6.679e-06	6.466e-06	6.606e-06	6.351e-06	6.488e-06	0	0	0	0	0	0
18.62	6.456e-06	6.396e-06	6.378e-06	6.779e-06	6.74e-06	6.838e-06	6.766e-06	6.673e-06	6.74e-06	6.679e-06	6.466e-06	6.606e-06	6.351e-06	6.488e-06	0	0	0	0	0	0
18.64	6.456e-06	6.396e-06	6.378e-06	6.779e-06	6.74e-06	6.838e-06	6.766e-06	6.673e-06	6.74e-06	6.679e-06	6.466e-06	6.606e-06	6.351e-06	6.488e-06	0	0	0	0	0	0
18.66	6.456e-06	6.396e-06	6.378e-06	6.779e-06	6.74e-06	6.838e-06	6.766e-06	6.673e-06	6.74e-06	6.679e-06	6.466e-06	6.606e-06	6.351e-06	6.488e-06	0	0	0	0	0	0
18.68	6.456e-06	6.396e-06	6.378e-06	6.779e-06	6.74e-06	6.838e-06	6.766e-06	6.673e-06	6.74e-06	6.679e-06	6.466e-06	6.606e-06	6.351e-06	6.488e-06	0	0	0	0	0	0
18.7	6.519e-06	6.444e-06	6.363e-06	6.771e-06	6.653e-06	6.851e-06	6.81e-06	6.735e-06	6.712e-06	6.668e-06	6.459e-06	6.593e-06	6.314e-06	6.511e-06	0	0	0	0	0	0
18.72	6.519e-06	6.444e-06	6.363e-06	6.771e-06	6.653e-06	6.851e-06	6.81e-06	6.735e-06	6.712e-06	6.668e-06	6.459e-06	6.593e-06	6.314e-06	6.511e-06	0	0	0	0	0	0
18.74	6.519e-06	6.444e-06	6.363e-06	6.771e-06	6.653e-06	6.851e-06	6.81e-06	6.735e-06	6.712e-06	6.668e-06	6.459e-06	6.593e-06	6.314e-06	6.511e-06	0	0	0	0	0	0
18.76	6.519e-06	6.444e-06	6.363e-06	6.771e-06	6.653e-06	6.851e-06	6.81e-06	6.735e-06	6.712e-06	6.668e-06	6.459e-06	6.593e-06	6.314e-06	6.511e-06	0	0	0	0	0	0
18.78	6.519e-06	6.444e-06	6.363e-06	6.771e-06	6.653e-06	6.851e-06	6.81e-06	6.735e-06	6.712e-06	6.668e-06	6.459e-06	6.593e-06	6.314e-06	6.511e-06	0	0	0	0	0	0
18.8	6.519e-06	6.444e-06	6.363e-06	6.771e-06	6.653e-06	6.851e-06	6.81e-06	6.735e-06	6.712e-06	6.668e-06	6.459e-06	6.593e-06	6.314e-06	6.511e-06	0	0	0	0	0	0
18.82	6.519e-06	6.444e-06	6.363e-06	6.771e-06	6.653e-06	6.851e-06	6.81e-06	6.735e-06	6.712e-06	6.668e-06	6.459e-06	6.593e-06	6.314e-06	6.511e-06	0	0	0	0	0	0
18.84	6.519e-06	6.444e-06	6.363e-06	6.771e-06	6.653e-06	6.851e-06	6.81e-06	6.735e-06	6.712e-06	6.668e-06	6.459e-06	6.593e-06	6.314e-06	6.511e-06	0	0	0	0	0	0
18.86	6.519e-06	6.444e-06	6.363e-06	6.771e-06	6.653e-06	6.851e-06	6.81e-06	6.735e-06	6.712e-06	6.668e-06	6.459e-06	6.593e-06	6.314e-06	6.511e-06	0	0	0	0	0	0
18.88	6.519e-06	6.444e-06	6.363e-06	6.771e-06	6.653e-06	6.851e-06	6.81e-06	6.735e-06	6.712e-06	6.668e-06	6.459e-06	6.593e-06	6.314e-06	6.511e-06	0	0	0	0	0	0
18.9	6.625e-06	6.419e-06	6.334e-06	6.751e-06	6.666e-06	6.822e-06	6.767e-06	6.701e-06	6.746e-06	6.612e-06	6.421e-06	6.553e-06	6.327e-06	6.488e-06	0	0	0	0	0	0
18.92	6.625e-06	6.419e-06	6.334e-06	6.751e-06	6.666e-06	6.822e-06	6.767e-06	6.701e-06	6.746e-06	6.612e-06	6.421e-06	6.553e-06	6.327e-06	6.488e-06	0	0	0	0	0	0
18.94	6.625e-06	6.419e-06	6.334e-06	6.751e-06	6.666e-06	6.822e-06	6.767e-06	6.701e-06	6.746e-06	6.612e-06	6.421e-06	6.553e-06	6.327e-06	6.488e-06	0	0	0	0	0	0
18.96	6.625e-06	6.419e-06	6.334e-06	6.751e-06	6.666e-06	6.822e-06	6.767e-06	6.701e-06	6.746e-06	6.612e-06	6.421e-06	6.553e-06	6.327e-06	6.488e-06	0	0	0	0	0	0
18.98	6.625e-06	6.419e-06	6.334e-06	6.751e-06	6.666e-06	6.822e-06	6.767e-06	6.701e-06	6.746e-06	6.612e-06	6.421e-06	6.553e-06	6.327e-06	6.488e-06	0	0	0	0	0	0
19	6.625e-06	6.419e-06	6.334e-06	6.751e-06	6.666e-06	6.822e-06	6.767e-06	6.701e-06	6.746e-06	6.612e-06	6.421e-06	6.553e-06	6.327e-06	6.488e-06	0	0	0	0	0	0
19.02	6.625e-06	6.419e-06	6.334e-06	6.751e-06	6.666e-06	6.822e-06	6.767e-06	6.701e-06	6.746e-06	6.612e-06	6.421e-06	6.553e-06	6.327e-06	6.488e-06	0	0	0	0	0	0
19.04	6.625e-06	6.419e-06	6.334e-06	6.751e-06	6.666e-06	6.822e-06	6.767e-06	6.701e-06	6.746e-06	6.612e-06	6.421e-06	6.553e-06	6.327e-06	6.488e-06	0	0	0	0	0	0
19.06	6.625e-06	6.419e-06	6.334e-06	6.751e-06	6.666e-06	6.822e-06	6.767e-06	6.701e-06	6.746e-06	6.612e-06	6.421e-06	6.553e-06	6.327e-06	6.488e-06	0	0	0	0	0	0
19.08	6.625e-06	6.419e-06	6.334e-06	6.751e-06	6.666e-06	6.822e-06	6.767e-06	6.701e-06	6.746e-06	6.612e-06	6.421e-06	6.553e-06	6.327e-06	6.488e-06	0	0	0	0	0	0
19.1	6.591e-06	6.461e-06	6.303e-06	6.753e-06	6.819e-06	6.894e-06	6.725e-06	6.685e-06	6.691e-06	6.648e-06	6.323e-06	6.548e-06	6.354e-06	6.473e-06	0	0	0	0	0	0
19.12	6.591e-06	6.461e-06	6.303e-06	6.753e-06	6.819e-06	6.894e-06	6.725e-06	6.685e-06	6.691e-06	6.648e-06	6.323e-06	6.548e-06	6.354e-06	6.473e-06	0	0	0	0	0	0
19.14	6.591e-06	6.461e-06	6.303e-06	6.753e-06	6.819e-06	6.894e-06	6.725e-06	6.685e-06	6.691e-06	6.648e-06	6.323e-06	6.548e-06	6.354e-06	6.473e-06	0	0	0	0	0	0
19.16	6.591e-06	6.461e-06	6.303e-06	6.753e-06	6.819e-06	6.894e-06	6.725e-06	6.685e-06	6.691e-06	6.648e-06	6.323e-06	6.548e-06	6.354e-06	6.473e-06	0	0	0	0	0	0
19.18	6.591e-06	6.461e-06	6.303e-06	6.753e-06	6.819e-06	6.894e-06	6.725e-06	6.685e-06	6.691e-06	6.648e-06	6.323e-06	6.548e-06	6.354e-06	6.473e-06	0	0	0	0	0	0
19.2	6.591e-06	6.461e-06	6.303e-06	6.753e-06	6.819e-06	6.894e-06	6.725e-06	6.685e-06	6.691e-06	6.648e-06	6.323e-06	6.548e-06	6.354e-06	6.473e-06	0	0	0	0	0	0
19.22	6.591e-06	6.461e-06	6.303e-06	6.753e-06	6.819e-06	6.894e-06	6.725e-06	6.685e-06	6.691e-06	6.648e-06	6.323e-06	6.548e-06	6.354e-06	6.473e-06	0	0	0	0	0	0
19.24	6.591e-06	6.461e-06	6.303e-06	6.753e-06	6.819e-06	6.894e-06	6.725e-06	6.685e-06	6.691e-06	6.648e-06	6.323e-06	6.548e-06	6.354e-06	6.473e-06	0	0	0	0	0	0
19.26	6.591e-06	6.461e-06	6.303e-06	6.753e-06	6.819e-06	6.894e-06	6.725e-06	6.685e-06	6.691e-06	6.648e-06	6.323e-06	6.548e-06	6.354e-06	6.473e-06	0	0	0	0	0	0
19.28	6.591e-06	6.461e-06	6.303e-06	6.753e-06	6.819e-06	6.894e-06	6.725e-06	6.685e-06	6.691e-06	6.648e-06	6.323e-06	6.548e-06	6.354e-06	6.473e-06	0	0	0	0	0	0
19.3	6.493e-06	6.397e-06	6.189e-06	6.784e-06	6.824e-06	6.92e-06	6.686e-06	6.755e-06	6.722e-06	6.64e-06	6.321e-06	6.548e-06	6.384e-06	6.433e-06	0	0	0	0	0	0
19.32	6.493e-06	6.397e-06	6.189e-06	6.784e-06	6.824e-06	6.92e-06	6.686e-06	6.755e-06	6.722e-06	6.64e-06	6.321e-06	6.548e-06	6.384e-06	6.433e-06	0	0	0	0	0	0
19.34	6.493e-06	6.397e-06	6.189e-06	6.784e-06	6.824e-06	6.92e-06	6.686e-06	6.755e-06	6.722e-06	6.64e-06	6.321e-06	6.548e-06	6.384e-06	6.433e-06	0	0	0	0	0	0
19.36	6.493e-06	6.397e-06	6.189e-06	6.784e-06	6.824e-06	6.92e-06	6.686e-06	6.755e-06	6.722e-06	6.64e-06	6.321e-06	6.548e-06	6.384e-06	6.433e-06	0	0	0	0	0	0
19.38	6.493e-06	6.397e-06	6.189e-06	6.784e-06	6.824e-06	6.92e-06	6.686e-06	6.755e-06	6.722e-06	6.64e-06	6.321e-06	6.548e-06	6.384e-06	6.433e-06	0	0	0	0	0	0
19.4	6.493e-06	6.397e-06	6.189e-06	6.784e-06	6.824e-06	6.92e-06	6.686e-06	6.755e-06	6.722e-06	6.64e-06	6.321e-06	6.548e-06	6.384e-06	6.433e-06	0	0	0	0	0	0
19.42	6.493e-06	6.397e-06	6.189e-06	6.784e-06	6.824e-06	6.92e-06	6.686e-06	6.755e-06	6.722e-06	6.64e-06	6.321e-06	6.548e-06	6.384e-06	6.433e-06	0	0	0	0	0	0
19.44	6.493e-06	6.397e-06	6.189e-06	6.784e-06	6.824e-06	6.92e-06	6.686e-06	6.755e-06	6.722e-06	6.64e-06	6.321e-06	6.548e-06	6.384e-06	6.433e-06	0	0	0	0	0	0
19.46	6.493e-06	6.397e-06	6.189e-06	6.784e-06	6.824e-06	6.92e-06	6.686e-06	6.755e-06	6.722e-06	6.64e-06	6.321e-06	6.548e-06	6.384e-06	6.433e-06	0	0	0	0	0	0
19.48	6.493e-06	6.397e-06	6.189e-06	6.784e-06	6.824e-06	6.92e-06	6.686e-06	6.755e-06	6.722e-06	6.64e-06	6.321e-06	6.548e-06	6.384e-06	6.433e-06	0	0	0	0	0	0
19.5	6.501e-06	6.479e-06	6.376e-06	6.771e-06	6.817e-06	6.872e-06	6.88e-06	6.758e-06	6.704e-06	6.658e-06	6.299e-06	6.594e-06	6.323e-06	6.394e-06	0	0	0	0	0	0
19.52	6.501e-06	6.479e-06	6.376e-06	6.771e-06	6.817e-06	6.872e-06	6.88e-06	6.758e-06	6.704e-06	6.658e-06	6.299e-06	6.594e-06	6.323e-06	6.394e-06	0	0	0	0	0	0
19.54	6.501e-06	6.479e-06	6.376e-06	6.771e-06	6.817e-06	6.872e-06	6.88e-06	6.758e-06	6.704e-06	6.658e-06	6.299e-06	6.594e-06	6.323e-06	6.394e-06	0	0	0	0	0	0
19.56	6.501e-06	6.479e-06	6.376e-06	6.771e-06	6.817e-06	6.872e-06	6.88e-06	6.758e-06	6.704e-06	6.658e-06	6.299e-06	6.594e-06	6.323e-06	6.394e-06	0	0	0	0	0	0
19.58	6.501e-06	6.479e-06	6.376e-06	6.771e-06	6.817e-06	6.872e-06	6.88e-06	6.758e-06	6.704e-06	6.658e-06	6.299e-06	6.594e-06	6.323e-06	6.394e-06	0	0	0	0	0	0
19.6	6.501e-06	6.479e-06	6.376e-06	6.771e-06	6.817e-06	6.872e-06	6.88e-06	6.758e-06	6.704e-06	6.658e-06	6.299e-06	6.594e-06	6.323e-06	6.394e-06	0	0	0	0	0	0
19.62	6.501e-06	6.479e-06	6.376e-06	6.771e-06	6.817e-06	6.872e-06	6.88e-06	6.758e-06	6.704e-06	6.658e-06	6.299e-06	6.594e-06	6.323e-06	6.394e-06	0	0	0	0	0	0
19.64	6.501e-06	6.479e-06	6.376e-06	6.771e-06	6.817e-06	6.872e-06	6.88e-06	6.758e-06	6.704e-06	6.658e-06	6.299e-06	6.594e-06	6.323e-06	6.394e-06	0	0	0	0	0	0
19.66	6.501e-06	6.479e-06	6.376e-06	6.771e-06	6.817e-06	6.872e-06	6.88e-06	6.758e-06	6.704e-06	6.658e-06	6.299e-06	6.594e-06	6.323e-06	6.394e-06	0	0	0	0	0	0
19.68	6.501e-06	6.479e-06	6.376e-06	6.771e-06	6.817e-06	6.872e-06	6.88e-06	6.758e-06	6.704e-06	6.658e-06	6.299e-06	6.594e-06	6.323e-06	6.394e-06	0	0	0	0	0	0
19.7	6.476e-06	6.456e-06	6.358e-06	6.774e-06	6.795e-06	6.846e-06	6.8e-06	6.727e-06	6.673e-06	6.622e-06	6.21e-06	6.507e-06	6.295e-06	6.345e-06	0	0	0	0	0	0
19.72	6.476e-06	6.456e-06	6.358e-06	6.774e-06	6.795e-06	6.846e-06	6.8e-06	6.727e-06	6.673e-06	6.622e-06	6.21e-06	6.507e-06	6.295e-06	6.345e-06	0	0	0	0	0	0
19.74	6.476e-06	6.456e-06	6.358e-06	6.774e-06	6.795e-06	6.846e-06	6.8e-06	6.727e-06	6.673e-06	6.622e-06	6.21e-06	6.507e-06	6.295e-06	6.345e-06	0	0	0	0	0	0
19.76	6.476e-06	6.456e-06	6.358e-06	6.774e-06	6.795e-06	6.846e-06	6.8e-06	6.727e-06	6.673e-06	6.622e-06	6.21e-06	6.507e-06	6.295e-06	6.345e-06	0	0	0	0	0	0
19.78	6.476e-06	6.456e-06	6.358e-06	6.774e-06	6.795e-06	6.846e-06	6.8e-06	6.727e-06	6.673e-06	6.622e-06	6.21e-06	6.507e-06	6.295e-06	6.345e-06	0	0	0	0	0	0
19.8	6.476e-06	6.456e-06	6.358e-06	6.774e-06	6.795e-06	6.846e-06	6.8e-06	6.727e-06	6.673e-06	6.622e-06	6.21e-06	6.507e-06	6.295e-06	6.345e-06	0	0	0	0	0	0
19.82	6.476e-06	6.456e-06	6.358e-06	6.774e-06	6.795e-06	6.846e-06	6.8e-06	6.727e-06	6.673e-06	6.622e-06	6.21e-06	6.507e-06	6.295e-06	6.345e-06	0	0	0	0	0	0
19.84	6.476e-06	6.456e-06	6.358e-06	6.774e-06	6.795e-06	6.846e-06	6.8e-06	6.727e-06	6.673e-06	6.622e-06	6.21e-06	6.507e-06	6.295e-06	6.345e-06	0	0	0	0	0	0
19.86	6.476e-06	6.456e-06	6.358e-06	6.774e-06	6.795e-06	6.846e-06	6.8e-06	6.727e-06	6.673e-06	6.622e-06	6.21e-06	6.507e-06	6.295e-06	6.345e-06	0	0	0	0	0	0
19.88	6.476e-06	6.456e-06	6.358e-06	6.774e-06	6.795e-06	6.846e-06	6.8e-06	6.727e-06	6.673e-06	6.622e-06	6.21e-06	6.507e-06	6.295e-06	6.345e-06	0	0	0	0	0	0
19.9	6.508e-06	6.511e-06	6.359e-06	6.722e-06	6.751e-06	6.814e-06	6.893e-06	6.803e-06	6.653e-06	6.622e-06	6.262e-06	6.465e-06	6.279e-06	6.33e-06	0	0	0	0	0	0
19.92	6.508e-06	6.511e-06	6.359e-06	6.722e-06	6.751e-06	6.814e-06	6.893e-06	6.803e-06	6.653e-06	6.622e-06	6.262e-06	6.465e-06	6.279e-06	6.33e-06	0	0	0	0	0	0
19.94	6.508e-06	6.511e-06	6.359e-06	6.722e-06	6.751e-06	6.814e-06	6.893e-06	6.803e-06	6.653e-06	6.622e-06	6.262e-06	6.465e-06	6.279e-06	6.33e-06	0	0	0	0	0	0
19.96	6.508e-06	6.511e-06	6.359e-06	6.722e-06	6.751e-06	6.814e-06	6.893e-06	6.803e-06	6.653e-06	6.622e-06	6.262e-06	6.465e-06	6.279e-06	6.33e-06	0	0	0	0	0	0
19.98	6.508e-06	6.511e-06	6.359e-06	6.722e-06	6.751e-06	6.814e-06	6.893e-06	6.803e-06	6.653e-06	6.622e-06	6.262e-06	6.465e-06	6.279e-06	6.33e-06	0	0	0	0	0	0
20	6.508e-06	6.511e-06	6.359e-06	6.722e-06	6.751e-06	6.814e-06	6.893e-06	6.803e-06	6.653e-06	6.622e-06	6.262e-06	6.465e-06	6.279e-06	6.33e-06	0	0	0	0	0	0
20.02	6.508e-06	6.511e-06	6.359e-06	6.722e-06	6.751e-06	6.814e-06	6.893e-06	6.803e-06	6.653e-06	6.622e-06	6.262e-06	6.465e-06	6.279e-06	6.33e-06	0	0	0	0	0	0
20.04	6.508e-06	6.511e-06	6.359e-06	6.722e-06	6.751e-06	6.814e-06	6.893e-06	6.803e-06	6.653e-06	6.622e-06	6.262e-06	6.465e-06	6.279e-06	6.33e-06	0	0	0	0	0	0
20.06	6.508e-06	6.511e-06	6.359e-06	6.722e-06	6.751e-06	6.814e-06	6.893e-06	6.803e-06	6.653e-06	6.622e-06	6.262e-06	6.465e-06	6.279e-06	6.33e-06	0	0	0	0	0	0
20.08	6.508e-06	6.511e-06	6.359e-06	6.722e-06	6.751e-06	6.814e-06	6.893e-06	6.803e-06	6.653e-06	6.622e-06	6.262e-06	6.465e-06	6.279e-06	6.33e-06	0	0	0	0	0	0
20.1	6.461e-06	6.473e-06	6.738e-06	6.727e-06	6.743e-06	6.762e-06	6.784e-06	6.85e-06	6.712e-06	6.602e-06	6.617e-06	6.495e-06	6.284e-06	6.829e-06	0	0	0	0	0	0
20.12	6.461e-06	6.473e-06	6.738e-06	6.727e-06	6.743e-06	6.762e-06	6.784e-06	6.85e-06	6.712e-06	6.602e-06	6.617e-06	6.495e-06	6.284e-06	6.829e-06	0	0	0	0	0	0
20.14	6.461e-06	6.473e-06	6.738e-06	6.727e-06	6.743e-06	6.762e-06	6.784e-06	6.85e-06	6.712e-06	6.602e-06	6.617e-06	6.495e-06	6.284e-06	6.829e-06	0	0	0	0	0	0
20.16	6.461e-06	6.473e-06	6.738e-06	6.727e-06	6.743e-06	6.762e-06	6.784e-06	6.85e-06	6.712e-06	6.602e-06	6.617e-06	6.495e-06	6.284e-06	6.829e-06	0	0	0	0	0	0
20.18	6.461e-06	6.473e-06	6.738e-06	6.727e-06	6.743e-06	6.762e-06	6.784e-06	6.85e-06	6.712e-06	6.602e-06	6.617e-06	6.495e-06	6.284e-06	6.829e-06	0	0	0	0	0	0
20.2	6.461e-06	6.473e-06	6.738e-06	6.727e-06	6.743e-06	6.762e-06	6.784e-06	6.85e-06	6.712e-06	6.602e-06	6.617e-06	6.495e-06	6.284e-06	6.829e-06	0	0	0	0	0	0
20.22	6.461e-06	6.473e-06	6.738e-06	6.727e-06	6.743e-06	6.762e-06	6.784e-06	6.85e-06	6.712e-06	6.602e-06	6.617e-06	6.495e-06	6.284e-06	6.829e-06	0	0	0	0	0	0
20.24	6.461e-06	6.473e-06	6.738e-06	6.727e-06	6.743e-06	6.762e-06	6.784e-06	6.85e-06	6.712e-06	6.602e-06	6.617e-06	6.495e-06	6.284e-06	6.829e-06	0	0	0	0	0	0
20.26	6.461e-06	6.473e-06	6.738e-06	6.727e-06	6.743e-06	6.762e-06	6.784e-06	6.85e-06	6.712e-06	6.602e-06	6.617e-06	6.495e-06	6.284e-06	6.829e-06	0	0	0	0	0	0
20.28	6.461e-06	6.473e-06	6.738e-06	6.727e-06	6.743e-06	6.762e-06	6.784e-06	6.85e-06	6.712e-06	6.602e-06	6.617e-06	6.495e-06	6.284e-06	6.829e-06	0	0	0	0	0	0
20.3	6.441e-06	6.471e-06	6.681e-06	6.652e-06	7.008e-06	6.796e-06	6.845e-06	6.818e-06	6.691e-06	6.501e-06	6.594e-06	6.43e-06	6.238e-06	6.835e-06	0	0	0	0	0	0
20.32	6.441e-06	6.471e-06	6.681e-06	6.652e-06	7.008e-06	6.796e-06	6.845e-06	6.818e-06	6.691e-06	6.501e-06	6.594e-06	6.43e-06	6.238e-06	6.835e-06	0	0	0	0	0	0
20.34	6.441e-06	6.471e-06	6.681e-06	6.652e-06	7.008e-06	6.796e-06	6.845e-06	6.818e-06	6.691e-06	6.501e-06	6.594e-06	6.43e-06	6.238e-06	6.835e-06	0	0	0	0	0	0
20.36	6.441e-06	6.471e-06	6.681e-06	6.652e-06	7.008e-06	6.796e-06	6.845e-06	6.818e-06	6.691e-06	6.501e-06	6.594e-06	6.43e-06	6.238e-06	6.835e-06	0	0	0	0	0	0
20.38	6.441e-06	6.471e-06	6.681e-06	6.652e-06	7.008e-06	6.796e-06	6.845e-06	6.818e-06	6.691e-06	6.501e-06	6.594e-06	6.43e-06	6.238e-06	6.835e-06	0	0	0	0	0	0
20.4	6.441e-06	6.471e-06	6.681e-06	6.652e-06	7.008e-06	6.796e-06	6.845e-06	6.818e-06	6.691e-06	6.501e-06	6.594e-06	6.43e-06	6.238e-06	6.835e-06	0	0	0	0	0	0
20.42	6.441e-06	6.471e-06	6.681e-06	6.652e-06	7.008e-06	6.796e-06	6.845e-06	6.818e-06	6.691e-06	6.501e-06	6.594e-06	6.43e-06	6.238e-06	6.835e-06	0	0	0	0	0	0
20.44	6.441e-06	6.471e-06	6.681e-06	6.652e-06	7.008e-06	6.796e-06	6.845e-06	6.818e-06	6.691e-06	6.501e-06	6.594e-06	6.43e-06	6.238e-06	6.835e-06	0	0	0	0	0	0
20.46	6.441e-06	6.471e-06	6.681e-06	6.652e-06	7.008e-06	6.796e-06	6.845e-06	6.818e-06	6.691e-06	6.501e-06	6.594e-06	6.43e-06	6.238e-06	6.835e-06	0	0	0	0	0	0
20.48	6.441e-06	6.471e-06	6.681e-06	6.652e-06	7.008e-06	6.796e-06	6.845e-06	6.818e-06	6.691e-06	6.501e-06	6.594e-06	6.43e-06	6.238e-06	6.835e-06	0	0	0	0	0	0
20.5	6.404e-06	6.416e-06	6.649e-06	6.629e-06	6.981e-06	6.749e-06	6.795e-06	6.842e-06	6.74e-06	6.558e-06	6.496e-06	6.38e-06	6.257e-06	6.809e-06	0	0	0	0	0	0
20.52	6.404e-06	6.416e-06	6.649e-06	6.629e-06	6.981e-06	6.749e-06	6.795e-06	6.842e-06	6.74e-06	6.558e-06	6.496e-06	6.38e-06	6.257e-06	6.809e-06	0	0	0	0	0	0
20.54	6.404e-06	6.416e-06	6.649e-06	6.629e-06	6.981e-06	6.749e-06	6.795e-06	6.842e-06	6.74e-06	6.558e-06	6.496e-06	6.38e-06	6.257e-06	6.809e-06	0	0	0	0	0	0
20.56	6.404e-06	6.416e-06	6.649e-06	6.629e-06	6.981e-06	6.749e-06	6.795e-06	6.842e-06	6.74e-06	6.558e-06	6.496e-06	6.38e-06	6.257e-06	6.809e-06	0	0	0	0	0	0
20.58	6.404e-06	6.416e-06	6.649e-06	6.629e-06	6.981e-06	6.749e-06	6.795e-06	6.842e-06	6.74e-06	6.558e-06	6.496e-06	6.38e-06	6.257e-06	6.809e-06	0	0	0	0	0	0
20.6	6.404e-06	6.416e-06	6.649e-06	6.629e-06	6.981e-06	6.749e-06	6.795e-06	6.842e-06	6.74e-06	6.558e-06	6.496e-06	6.38e-06	6.257e-06	6.809e-06	0	0	0	0	0	0
20.62	6.404e-06	6.416e-06	6.649e-06	6.629e-06	6.981e-06	6.749e-06	6.795e-06	6.842e-06	6.74e-06	6.558e-06	6.496e-06	6.38e-06	6.257e-06	6.809e-06	0	0	0	0	0	0
20.64	6.404e-06	6.416e-06	6.649e-06	6.629e-06	6.981e-06	6.749e-06	6.795e-06	6.842e-06	6.74e-06	6.558e-06	6.496e-06	6.38e-06	6.257e-06	6.809e-06	0	0	0	0	0	0
20.66	6.404e-06	6.416e-06	6.649e-06	6.629e-06	6.981e-06	6.749e-06	6.795e-06	6.842e-06	6.74e-06	6.558e-06	6.496e-06	6.38e-06	6.257e-06	6.809e-06	0	0	0	0	0	0
20.68	6.404e-06	6.416e-06	6.649e-06	6.629e-06	6.981e-06	6.749e-06	6.795e-06	6.842e-06	6.74e-06	6.558e-06	6.496e-06	6.38e-06	6.257e-06	6.809e-06	0	0	0	0	0	0
20.7	6.279e-06	6.384e-06	6.688e-06	6.55e-06	6.933e-06	6.765e-06	6.814e-06	6.771e-06	6.741e-06	6.597e-06	6.536e-06	6.427e-06	6.207e-06	6.864e-06	0	0	0	0	0	0
20.72	6.279e-06	6.384e-06	6.688e-06	6.55e-06	6.933e-06	6.765e-06	6.814e-06	6.771e-06	6.741e-06	6.597e-06	6.536e-06	6.427e-06	6.207e-06	6.864e-06	0	0	0	0	0	0
20.74	6.279e-06	6.384e-06	6.688e-06	6.55e-06	6.933e-06	6.765e-06	6.814e-06	6.771e-06	6.741e-06	6.597e-06	6.536e-06	6.427e-06	6.207e-06	6.864e-06	0	0	0	0	0	0
20.76	6.279e-06	6.384e-06	6.688e-06	6.55e-06	6.933e-06	6.765e-06	6.814e-06	6.771e-06	6.741e-06	6.597e-06	6.536e-06	6.427e-06	6.207e-06	6.864e-06	0	0	0	0	0	0
20.78	6.279e-06	6.384e-06	6.688e-06	6.55e-06	6.933e-06	6.765e-06	6.814e-06	6.771e-06	6.741e-06	6.597e-06	6.536e-06	6.427e-06	6.207e-06	0	0	0	0	0	0	0
20.8	6.279e-06	6.384e-06	6.688e-06	6.55e-06	6.933e-06	6.765e-06	6.814e-06	6.771e-06	6.741e-06	6.597e-06	6.536e-06	6.427e-06	6.207e-06	0	0	0	0	0	0	0
20.82	6.279e-06	6.384e-06	6.688e-06	6.55e-06	6.933e-06	6.765e-06	6.814e-06	6.771e-06	6.741e-06	6.597e-06	6.536e-06	6.427e-06	6.207e-06	0	0	0	0	0	0	0
20.84	6.279e-06	6.384e-06	6.688e-06	6.55e-06	6.933e-06	6.765e-06	6.814e-06	6.771e-06	6.741e-06	6.597e-06	6.536e-06	6.427e-06	6.207e-06	0	0	0	0	0	0	0
20.86	6.279e-06	6.384e-06	6.688e-06	6.55e-06	6.933e-06	6.765e-06	6.814e-06	6.771e-06	6.741e-06	6.597e-06	6.536e-06	6.427e-06	6.207e-06	0	0	0	0	0	0	0
20.88	6.279e-06	6.384e-06	6.688e-06	6.55e-06	6.933e-06	6.765e-06	6.814e-06	6.771e-06	6.741e-06	6.597e-06	6.536e-06	6.427e-06	6.207e-06	0	0	0	0	0	0	0
20.9	6.289e-06	6.418e-06	6.845e-06	6.596e-06	6.893e-06	6.754e-06	6.706e-06	6.787e-06	6.725e-06	6.582e-06	6.544e-06	6.374e-06	6.142e-06	0	0	0	0	0	0	0
20.92	6.289e-06	6.418e-06	6.845e-06	6.596e-06	6.893e-06	6.754e-06	6.706e-06	6.787e-06	6.725e-06	6.582e-06	6.544e-06	6.374e-06	6.142e-06	0	0	0	0	0	0	0
20.94	6.289e-06	6.418e-06	6.845e-06	6.596e-06	6.893e-06	6.754e-06	6.706e-06	6.787e-06	6.725e-06	6.582e-06	6.544e-06	6.374e-06	6.142e-06	0	0	0	0	0	0	0
20.96	6.289e-06	6.418e-06	6.845e-06	6.596e-06	6.893e-06	6.754e-06	6.706e-06	6.787e-06	6.725e-06	6.582e-06	6.544e-06	6.374e-06	6.142e-06	0	0	0	0	0	0	0
20.98	6.289e-06	6.418e-06	6.845e-06	6.596e-06	6.893e-06	6.754e-06	6.706e-06	6.787e-06	6.725e-06	6.582e-06	6.544e-06	6.374e-06	6.142e-06	0	0	0	0	0	0	0
21	6.289e-06	6.418e-06	6.845e-06	6.596e-06	6.893e-06	6.754e-06	6.706e-06	6.787e-06	6.725e-06	6.582e-06	6.544e-06	6.374e-06	6.142e-06	0	0	0	0	0	0	0
21.02	6.289e-06	6.418e-06	6.845e-06	6.596e-06	6.893e-06	6.754e-06	6.706e-06	6.787e-06	6.725e-06	6.582e-06	6.544e-06	6.374e-06	6.142e-06	0	0	0	0	0	0	0
21.04	6.289e-06	6.418e-06	6.845e-06	6.596e-06	6.893e-06	6.754e-06	6.706e-06	6.787e-06	6.725e-06	6.582e-06	6.544e-06	6.374e-06	6.142e-06	0	0	0	0	0	0	0
21.06	6.289e-06	6.418e-06	6.845e-06	6.596e-06	6.893e-06	6.754e-06	6.706e-06	6.787e-06	6.725e-06	6.582e-06	6.544e-06	6.374e-06	6.142e-06	0	0	0	0	0	0	0
21.08	6.289e-06	6.418e-06	6.845e-06	6.596e-06	6.893e-06	6.754e-06	6.706e-06	6.787e-06	6.725e-06	6.582e-06	6.544e-06	6.374e-06	6.142e-06	0	0	0	0	0	0	0
21.1	6.557e-06	6.421e-06	6.853e-06	6.722e-06	6.862e-06	6.72e-06	6.637e-06	6.837e-06	6.717e-06	6.516e-06	6.566e-06	6.381e-06	6.411e-06	0	0	0	0	0	0	0
21.12	6.557e-06	6.421e-06	6.853e-06	6.722e-06	6.862e-06	6.72e-06	6.637e-06	6.837e-06	6.717e-06	6.516e-06	6.566e-06	6.381e-06	6.411e-06	0	0	0	0	0	0	0
21.14	6.557e-06	6.421e-06	6.853e-06	6.722e-06	6.862e-06	6.72e-06	6.637e-06	6.837e-06	6.717e-06	6.516e-06	6.566e-06	6.381e-06	6.411e-06	0	0	0	0	0	0	0
21.16	6.557e-06	6.421e-06	6.853e-06	6.722e-06	6.862e-06	6.72e-06	6.637e-06	6.837e-06	6.717e-06	6.516e-06	6.566e-06	6.381e-06	6.411e-06	0	0	0	0	0	0	0
21.18	6.557e-06	6.421e-06	6.853e-06	6.722e-06	6.862e-06	6.72e-06	6.637e-06	6.837e-06	6.717e-06	6.516e-06	6.566e-06	6.381e-06	6.411e-06	0	0	0	0	0	0	0
21.2	6.557e-06	6.421e-06	6.853e-06	6.722e-06	6.862e-06	6.72e-06	6.637e-06	6.837e-06	6.717e-06	6.516e-06	6.566e-06	6.381e-06	6.411e-06	0	0	0	0	0	0	0
21.22	6.557e-06	6.421e-06	6.853e-06	6.722e-06	6.862e-06	6.72e-06	6.637e-06	6.837e-06	6.717e-06	6.516e-06	6.566e-06	6.381e-06	6.411e-06	0	0	0	0	0	0	0
21.24	6.557e-06	6.421e-06	6.853e-06	6.722e-06	6.862e-06	6.72e-06	6.637e-06	6.837e-06	6.717e-06	6.516e-06	6.566e-06	6.381e-06	6.411e-06	0	0	0	0	0	0	0
21.26	6.557e-06	6.421e-06	6.853e-06	6.722e-06	6.862e-06	6.72e-06	6.637e-06	6.837e-06	6.717e-06	6.516e-06	6.566e-06	6.381e-06	6.411e-06	0	0	0	0	0	0	0
21.28	6.557e-06	6.421e-06	6.853e-06	6.722e-06	6.862e-06	6.72e-06	6.637e-06	6.837e-06	6.717e-06	6.516e-06	6.566e-06	6.381e-06	6.411e-06	0	0	0	0	0	0	0
21.3	6.478e-06	6.441e-06	6.853e-06	6.586e-06	6.878e-06	6.671e-06	6.65e-06	6.837e-06	6.666e-06	6.519e-06	6.564e-06	6.371e-06	6.443e-06	0	0	0	0	0	0	0
21.32	6.478e-06	6.441e-06	6.853e-06	6.586e-06	6.878e-06	6.671e-06	6.65e-06	6.837e-06	6.666e-06	6.519e-06	6.564e-06	6.371e-06	6.443e-06	0	0	0	0	0	0	0
21.34	6.478e-06	6.441e-06	6.853e-06	6.586e-06	6.878e-06	6.671e-06	6.65e-06	6.837e-06	6.666e-06	6.519e-06	6.564e-06	6.371e-06	6.443e-06	0	0	0	0	0	0	0
21.36	6.478e-06	6.441e-06	6.853e-06	6.586e-06	6.878e-06	6.671e-06	6.65e-06	6.837e-06	6.666e-06	6.519e-06	6.564e-06	6.371e-06	6.443e-06	0	0	0	0	0	0	0
21.38	6.478e-06	6.441e-06	6.853e-06	6.586e-06	6.878e-06	6.671e-06	6.65e-06	6.837e-06	6.666e-06	6.519e-06	6.564e-06	6.371e-06	6.443e-06	0	0	0	0	0	0	0
21.4	6.478e-06	6.441e-06	6.853e-06	6.586e-06	6.878e-06	6.671e-06	6.65e-06	6.837e-06	6.666e-06	6.519e-06	6.564e-06	6.371e-06	6.443e-06	0	0	0	0	0	0	0
21.42	6.478e-06	6.441e-06	6.853e-06	6.586e-06	6.878e-06	6.671e-06	6.65e-06	6.837e-06	6.666e-06	6.519e-06	6.564e-06	6.371e-06	6.443e-06	0	0	0	0	0	0	0
21.44	6.478e-06	6.441e-06	6.853e-06	6.586e-06	6.878e-06	6.671e-06	6.65e-06	6.837e-06	6.666e-06	6.519e-06	6.564e-06	6.371e-06	6.443e-06	0	0	0	0	0	0	0
21.46	6.478e-06	6.441e-06	6.853e-06	6.586e-06	6.878e-06	6.671e-06	6.65e-06	6.837e-06	6.666e-06	6.519e-06	6.564e-06	6.371e-06	6.443e-06	0	0	0	0	0	0	0
21.48	6.478e-06	6.441e-06	6.853e-06	6.586e-06	6.878e-06	6.671e-06	6.65e-06	6.837e-06	6.666e-06	6.519e-06	6.564e-06	6.371e-06	6.443e-06	0	0	0	0	0	0	0
21.5	6.501e-06	6.501e-06	6.714e-06	6.625e-06	6.845e-06	6.646e-06	6.671e-06	6.8e-06	6.645e-06	6.439e-06	6.594e-06	6.428e-06	6.543e-06	0	0	0	0	0	0	0
21.52	6.501e-06	6.501e-06	6.714e-06	6.625e-06	6.845e-06	6.646e-06	6.671e-06	6.8e-06	6.645e-06	6.439e-06	6.594e-06	6.428e-06	6.543e-06	0	0	0	0	0	0	0
21.54	6.501e-06	6.501e-06	6.714e-06	6.625e-06	6.845e-06	6.646e-06	6.671e-06	6.8e-06	6.645e-06	6.439e-06	6.594e-06	6.428e-06	6.543e-06	0	0	0	0	0	0	0
21.56	6.501e-06	6.501e-06	6.714e-06	6.625e-06	6.845e-06	6.646e-06	6.671e-06	6.8e-06	6.645e-06	6.439e-06	6.594e-06	6.428e-06	6.543e-06	0	0	0	0	0	0	0
21.58	6.501e-06	6.501e-06	6.714e-06	6.625e-06	6.845e-06	6.646e-06	6.671e-06	6.8e-06	6.645e-06	6.439e-06	6.594e-06	6.428e-06	6.543e-06	0	0	0	0	0	0	0
21.6	6.501e-06	6.501e-06	6.714e-06	6.625e-06	6.845e-06	6.646e-06	6.671e-06	6.8e-06	6.645e-06	6.439e-06	6.594e-06	6.428e-06	6.543e-06	0	0	0	0	0	0	0
21.62	6.501e-06	6.501e-06	6.714e-06	6.625e-06	6.845e-06	6.646e-06	6.671e-06	6.8e-06	6.645e-06	6.439e-06	6.594e-06	6.428e-06	6.543e-06	0	0	0	0	0	0	0
21.64	6.501e-06	6.501e-06	6.714e-06	6.625e-06	6.845e-06	6.646e-06	6.671e-06	6.8e-06	6.645e-06	6.439e-06	6.594e-06	6.428e-06	6.543e-06	0	0	0	0	0	0	0
21.66	6.501e-06	6.501e-06	6.714e-06	6.625e-06	6.845e-06	6.646e-06	6.671e-06	6.8e-06	6.645e-06	6.439e-06	6.594e-06	6.428e-06	6.543e-06	0	0	0	0	0	0	0
21.68	6.501e-06	6.501e-06	6.714e-06	6.625e-06	6.845e-06	6.646e-06	6.671e-06	6.8e-06	6.645e-06	6.439e-06	6.594e-06	6.428e-06	6.543e-06	0	0	0	0	0	0	0
21.7	6.441e-06	6.513e-06	6.853e-06	6.551e-06	6.853e-06	6.633e-06	6.751e-06	6.761e-06	6.678e-06	6.468e-06	6.591e-06	6.371e-06	6.501e-06	0	0	0	0	0	0	0
21.72	6.441e-06	6.513e-06	6.853e-06	6.551e-06	6.853e-06	6.633e-06	6.751e-06	6.761e-06	6.678e-06	6.468e-06	6.591e-06	6.371e-06	6.501e-06	0	0	0	0	0	0	0
21.74	6.441e-06	6.513e-06	6.853e-06	6.551e-06	6.853e-06	6.633e-06	6.751e-06	6.761e-06	6.678e-06	6.468e-06	6.591e-06	6.371e-06	6.501e-06	0	0	0	0	0	0	0
21.76	6.441e-06	6.513e-06	6.853e-06	6.551e-06	6.853e-06	6.633e-06	6.751e-06	6.761e-06	6.678e-06	6.468e-06	6.591e-06	6.371e-06	6.501e-06	0	0	0	0	0	0	0
21.78	6.441e-06	6.513e-06	6.853e-06	6.551e-06	6.853e-06	6.633e-06	6.751e-06	6.761e-06	6.678e-06	6.468e-06	6.591e-06	6.371e-06	6.501e-06	0	0	0	0	0	0	0
21.8	6.441e-06	6.513e-06	6.853e-06	6.551e-06	6.853e-06	6.633e-06	6.751e-06	6.761e-06	6.678e-06	6.468e-06	6.591e-06	6.371e-06	6.501e-06	0	0	0	0	0	0	0
21.82	6.441e-06	6.513e-06	6.853e-06	6.551e-06	6.853e-06	6.633e-06	6.751e-06	6.761e-06	6.678e-06	6.468e-06	6.591e-06	6.371e-06	6.501e-06	0	0	0	0	0	0	0
21.84	6.441e-06	6.513e-06	6.853e-06	6.551e-06	6.853e-06	6.633e-06	6.751e-06	6.761e-06	6.678e-06	6.468e-06	6.591e-06	6.371e-06	6.501e-06	0	0	0	0	0	0	0
21.86	6.441e-06	6.513e-06	6.853e-06	6.551e-06	6.853e-06	6.633e-06	6.751e-06	6.761e-06	6.678e-06	6.468e-06	6.591e-06	6.371e-06	6.501e-06	0	0	0	0	0	0	0
21.88	6.441e-06	6.513e-06	6.853e-06	6.551e-06	6.853e-06	6.633e-06	6.751e-06	6.761e-06	6.678e-06	6.468e-06	6.591e-06	6.371e-06	6.501e-06	0	0	0	0	0	0	0
21.9	6.461e-06	6.456e-06	6.795e-06	6.604e-06	6.859e-06	6.785e-06	6.764e-06	6.738e-06	6.66e-06	6.416e-06	6.717e-06	6.361e-06	6.431e-06	0	0	0	0	0	0	0
21.92	6.461e-06	6.456e-06	6.795e-06	6.604e-06	6.859e-06	6.785e-06	6.764e-06	6.738e-06	6.66e-06	6.416e-06	6.717e-06	6.361e-06	6.431e-06	0	0	0	0	0	0	0
21.94	6.461e-06	6.456e-06	6.795e-06	6.604e-06	6.859e-06	6.785e-06	6.764e-06	6.738e-06	6.66e-06	6.416e-06	6.717e-06	6.361e-06	6.431e-06	0	0	0	0	0	0	0
21.96	6.461e-06	6.456e-06	6.795e-06	6.604e-06	6.859e-06	6.785e-06	6.764e-06	6.738e-06	6.66e-06	6.416e-06	6.717e-06	6.361e-06	6.431e-06	0	0	0	0	0	0	0
21.98	6.461e-06	6.456e-06	6.795e-06	6.604e-06	6.859e-06	6.785e-06	6.764e-06	6.738e-06	6.66e-06	6.416e-06	6.717e-06	6.361e-06	6.431e-06	0	0	0	0	0	0	0
22	6.461e-06	6.456e-06	6.795e-06	6.604e-06	6.859e-06	6.785e-06	6.764e-06	6.738e-06	6.66e-06	6.416e-06	6.717e-06	6.361e-06	6.431e-06	0	0	0	0	0	0	0
22.02	6.461e-06	6.456e-06	6.795e-06	6.604e-06	6.859e-06	6.785e-06	6.764e-06	6.738e-06	6.66e-06	6.416e-06	6.717e-06	6.361e-06	6.431e-06	0	0	0	0	0	0	0
22.04	6.461e-06	6.456e-06	6.795e-06	6.604e-06	6.859e-06	6.785e-06	6.764e-06	6.738e-06	6.66e-06	6.416e-06	6.717e-06	6.361e-06	6.431e-06	0	0	0	0	0	0	0
22.06	6.461e-06	6.456e-06	6.795e-06	6.604e-06	6.859e-06	6.785e-06	6.764e-06	6.738e-06	6.66e-06	6.416e-06	6.717e-06	6.361e-06	6.431e-06	0	0	0	0	0	0	0
22.08	6.461e-06	6.456e-06	6.795e-06	6.604e-06	6.859e-06	6.785e-06	6.764e-06	6.738e-06	6.66e-06	6.416e-06	6.717e-06	6.361e-06	6.431e-06	0	0	0	0	0	0	0
22.1	6.473e-06	6.476e-06	6.74e-06	6.571e-06	6.875e-06	6.739e-06	6.665e-06	6.701e-06	6.632e-06	6.387e-06	6.645e-06	6.325e-06	6.523e-06	0	0	0	0	0	0	0
22.12	6.473e-06	6.476e-06	6.74e-06	6.571e-06	6.875e-06	6.739e-06	6.665e-06	6.701e-06	6.632e-06	6.387e-06	6.645e-06	6.325e-06	6.523e-06	0	0	0	0	0	0	0
22.14	6.473e-06	6.476e-06	6.74e-06	6.571e-06	6.875e-06	6.739e-06	6.665e-06	6.701e-06	6.632e-06	6.387e-06	6.645e-06	6.325e-06	6.523e-06	0	0	0	0	0	0	0
22.16	6.473e-06	6.476e-06	6.74e-06	6.571e-06	6.875e-06	6.739e-06	6.665e-06	6.701e-06	6.632e-06	6.387e-06	6.645e-06	6.325e-06	6.523e-06	0	0	0	0	0	0	0
22.18	6.473e-06	6.476e-06	6.74e-06	6.571e-06	6.875e-06	6.739e-06	6.665e-06	6.701e-06	6.632e-06	6.387e-06	6.645e-06	6.325e-06	6.523e-06	0	0	0	0	0	0	0
22.2	6.473e-06	6.476e-06	6.74e-06	6.571e-06	6.875e-06	6.739e-06	6.665e-06	6.701e-06	6.632e-06	6.387e-06	6.645e-06	6.325e-06	6.523e-06	0	0	0	0	0	0	0
22.22	6.473e-06	6.476e-06	6.74e-06	6.571e-06	6.875e-06	6.739e-06	6.665e-06	6.701e-06	6.632e-06	6.387e-06	6.645e-06	6.325e-06	6.523e-06	0	0	0	0	0	0	0
22.24	6.473e-06	6.476e-06	6.74e-06	6.571e-06	6.875e-06	6.739e-06	6.665e-06	6.701e-06	6.632e-06	6.387e-06	6.645e-06	6.325e-06	6.523e-06	0	0	0	0	0	0	0
22.26	6.473e-06	6.476e-06	6.74e-06	6.571e-06	6.875e-06	6.739e-06	6.665e-06	6.701e-06	6.632e-06	6.387e-06	6.645e-06	6.325e-06	6.523e-06	0	0	0	0	0	0	0
22.28	6.473e-06	6.476e-06	6.74e-06	6.571e-06	6.875e-06	6.739e-06	6.665e-06	6.701e-06	6.632e-06	6.387e-06	6.645e-06	6.325e-06	6.523e-06	0	0	0	0	0	0	0
22.3	6.446e-06	6.431e-06	6.784e-06	6.579e-06	6.777e-06	6.835e-06	6.717e-06	6.719e-06	6.614e-06	6.489e-06	6.681e-06	6.206e-06	6.569e-06	0	0	0	0	0	0	0
22.32	6.446e-06	6.431e-06	6.784e-06	6.579e-06	6.777e-06	6.835e-06	6.717e-06	6.719e-06	6.614e-06	6.489e-06	6.681e-06	6.206e-06	6.569e-06	0	0	0	0	0	0	0
22.34	6.446e-06	6.431e-06	6.784e-06	6.579e-06	6.777e-06	6.835e-06	6.717e-06	6.719e-06	6.614e-06	6.489e-06	6.681e-06	6.206e-06	6.569e-06	0	0	0	0	0	0	0
22.36	6.446e-06	6.431e-06	6.784e-06	6.579e-06	6.777e-06	6.835e-06	6.717e-06	6.719e-06	6.614e-06	6.489e-06	6.681e-06	6.206e-06	6.569e-06	0	0	0	0	0	0	0
22.38	6.446e-06	6.431e-06	6.784e-06	6.579e-06	6.777e-06	6.835e-06	6.717e-06	6.719e-06	6.614e-06	6.489e-06	6.681e-06	6.206e-06	6.569e-06	0	0	0	0	0	0	0
22.4	6.446e-06	6.431e-06	6.784e-06	6.579e-06	6.777e-06	6.835e-06	6.717e-06	6.719e-06	6.614e-06	6.489e-06	6.681e-06	6.206e-06	6.569e-06	0	0	0	0	0	0	0
22.42	6.446e-06	6.431e-06	6.784e-06	6.579e-06	6.777e-06	6.835e-06	6.717e-06	6.719e-06	6.614e-06	6.489e-06	6.681e-06	6.206e-06	6.569e-06	0	0	0	0	0	0	0
22.44	6.446e-06	6.431e-06	6.784e-06	6.579e-06	6.777e-06	6.835e-06	6.717e-06	6.719e-06	6.614e-06	6.489e-06	6.681e-06	6.206e-06	6.569e-06	0	0	0	0	0	0	0
22.46	6.446e-06	6.431e-06	6.784e-06	6.579e-06	6.777e-06	6.835e-06	6.717e-06	6.719e-06	6.614e-06	6.489e-06	6.681e-06	6.206e-06	6.569e-06	0	0	0	0	0	0	0
22.48	6.446e-06	6.431e-06	6.784e-06	6.579e-06	6.777e-06	6.835e-06	6.717e-06	6.719e-06	6.614e-06	6.489e-06	6.681e-06	6.206e-06	6.569e-06	0	0	0	0	0	0	0
22.5	6.471e-06	6.399e-06	6.842e-06	6.481e-06	6.756e-06	6.809e-06	6.704e-06	6.814e-06	6.72e-06	6.421e-06	6.642e-06	6.342e-06	6.566e-06	0	0	0	0	0	0	0
22.52	6.471e-06	6.399e-06	6.842e-06	6.481e-06	6.756e-06	6.809e-06	6.704e-06	6.814e-06	6.72e-06	6.421e-06	6.642e-06	6.342e-06	6.566e-06	0	0	0	0	0	0	0
22.54	6.471e-06	6.399e-06	6.842e-06	6.481e-06	6.756e-06	6.809e-06	6.704e-06	6.814e-06	6.72e-06	6.421e-06	6.642e-06	6.342e-06	6.566e-06	0	0	0	0	0	0	0
22.56	6.471e-06	6.399e-06	6.842e-06	6.481e-06	6.756e-06	6.809e-06	6.704e-06	6.814e-06	6.72e-06	6.421e-06	6.642e-06	6.342e-06	6.566e-06	0	0	0	0	0	0	0
22.58	6.471e-06	6.399e-06	6.842e-06	6.481e-06	6.756e-06	6.809e-06	6.704e-06	6.814e-06	6.72e-06	6.421e-06	6.642e-06	6.342e-06	6.566e-06	0	0	0	0	0	0	0
22.6	6.471e-06	6.399e-06	6.842e-06	6.481e-06	6.756e-06	6.809e-06	6.704e-06	6.814e-06	6.72e-06	6.421e-06	6.642e-06	6.342e-06	6.566e-06	0	0	0	0	0	0	0
22.62	6.471e-06	6.399e-06	6.842e-06	6.481e-06	6.756e-06	6.809e-06	6.704e-06	6.814e-06	6.72e-06	6.421e-06	6.642e-06	6.342e-06	6.566e-06	0	0	0	0	0	0	0
22.64	6.471e-06	6.399e-06	6.842e-06	6.481e-06	6.756e-06	6.809e-06	6.704e-06	6.814e-06	6.72e-06	6.421e-06	6.642e-06	6.342e-06	6.566e-06	0	0	0	0	0	0	0
22.66	6.471e-06	6.399e-06	6.842e-06	6.481e-06	6.756e-06	6.809e-06	6.704e-06	6.814e-06	6.72e-06	6.421e-06	6.642e-06	6.342e-06	6.566e-06	0	0	0	0	0	0	0
22.68	6.471e-06	6.399e-06	6.842e-06	6.481e-06	6.756e-06	6.809e-06	6.704e-06	6.814e-06	6.72e-06	6.421e-06	6.642e-06	6.342e-06	6.566e-06	0	0	0	0	0	0	0
22.7	6.421e-06	6.523e-06	6.837e-06	6.74e-06	6.788e-06	6.77e-06	6.637e-06	6.805e-06	6.696e-06	6.461e-06	6.604e-06	6.359e-06	6.663e-06	0	0	0	0	0	0	0
22.72	6.421e-06	6.523e-06	6.837e-06	6.74e-06	6.788e-06	6.77e-06	6.637e-06	6.805e-06	6.696e-06	6.461e-06	6.604e-06	6.359e-06	6.663e-06	0	0	0	0	0	0	0
22.74	6.421e-06	6.523e-06	6.837e-06	6.74e-06	6.788e-06	6.77e-06	6.637e-06	6.805e-06	6.696e-06	6.461e-06	6.604e-06	6.359e-06	6.663e-06	0	0	0	0	0	0	0
22.76	6.421e-06	6.523e-06	6.837e-06	6.74e-06	6.788e-06	6.77e-06	6.637e-06	6.805e-06	6.696e-06	6.461e-06	6.604e-06	6.359e-06	6.663e-06	0	0	0	0	0	0	0
22.78	6.421e-06	6.523e-06	6.837e-06	6.74e-06	6.788e-06	6.77e-06	6.637e-06	6.805e-06	6.696e-06	6.461e-06	6.604e-06	6.359e-06	6.663e-06	0	0	0	0	0	0	0
22.8	6.421e-06	6.523e-06	6.837e-06	6.74e-06	6.788e-06	6.77e-06	6.637e-06	6.805e-06	6.696e-06	6.461e-06	6.604e-06	6.359e-06	6.663e-06	0	0	0	0	0	0	0
22.82	6.421e-06	6.523e-06	6.837e-06	6.74e-06	6.788e-06	6.77e-06	6.637e-06	6.805e-06	6.696e-06	6.461e-06	6.604e-06	6.359e-06	6.663e-06	0	0	0	0	0	0	0
22.84	6.421e-06	6.523e-06	6.837e-06	6.74e-06	6.788e-06	6.77e-06	6.637e-06	6.805e-06	6.696e-06	6.461e-06	6.604e-06	6.359e-06	6.663e-06	0	0	0	0	0	0	0
22.86	6.421e-06	6.523e-06	6.837e-06	6.74e-06	6.788e-06	6.77e-06	6.637e-06	6.805e-06	6.696e-06	6.461e-06	6.604e-06	6.359e-06	6.663e-06	0	0	0	0	0	0	0
22.88	6.421e-06	6.523e-06	6.837e-06	6.74e-06	6.788e-06	6.77e-06	6.637e-06	6.805e-06	6.696e-06	6.461e-06	6.604e-06	6.359e-06	6.663e-06	0	0	0	0	0	0	0
22.9	6.399e-06	6.431e-06	6.845e-06	6.725e-06	6.788e-06	6.817e-06	6.727e-06	6.792e-06	6.66e-06	6.419e-06	6.599e-06	6.354e-06	6.566e-06	0	0	0	0	0	0	0
22.92	6.399e-06	6.431e-06	6.845e-06	6.725e-06	6.788e-06	6.817e-06	6.727e-06	6.792e-06	6.66e-06	6.419e-06	6.599e-06	6.354e-06	6.566e-06	0	0	0	0	0	0	0
22.94	6.399e-06	6.431e-06	6.845e-06	6.725e-06	6.788e-06	6.817e-06	6.727e-06	6.792e-06	6.66e-06	6.419e-06	6.599e-06	6.354e-06	6.566e-06	0	0	0	0	0	0	0
22.96	6.399e-06	6.431e-06	6.845e-06	6.725e-06	6.788e-06	6.817e-06	6.727e-06	6.792e-06	6.66e-06	6.419e-06	6.599e-06	6.354e-06	6.566e-06	0	0	0	0	0	0	0
22.98	6.399e-06	6.431e-06	6.845e-06	6.725e-06	6.788e-06	6.817e-06	6.727e-06	6.792e-06	6.66e-06	6.419e-06	6.599e-06	6.354e-06	6.566e-06	0	0	0	0	0	0	0
23	6.399e-06	6.431e-06	6.845e-06	6.725e-06	6.788e-06	6.817e-06	6.727e-06	6.792e-06	6.66e-06	6.419e-06	6.599e-06	6.354e-06	6.566e-06	0	0	0	0	0	0	0
23.02	6.399e-06	6.431e-06	6.845e-06	6.725e-06	6.788e-06	6.817e-06	6.727e-06	6.792e-06	6.66e-06	6.419e-06	6.599e-06	6.354e-06	6.566e-06	0	0	0	0	0	0	0
23.04	6.399e-06	6.431e-06	6.845e-06	6.725e-06	6.788e-06	6.817e-06	6.727e-06	6.792e-06	6.66e-06	6.419e-06	6.599e-06	6.354e-06	6.566e-06	0	0	0	0	0	0	0
23.06	6.399e-06	6.431e-06	6.845e-06	6.725e-06	6.788e-06	6.817e-06	6.727e-06	6.792e-06	6.66e-06	6.419e-06	6.599e-06	6.354e-06	6.566e-06	0	0	0	0	0	0	0
23.08	6.399e-06	6.431e-06	6.845e-06	6.725e-06	6.788e-06	6.817e-06	6.727e-06	6.792e-06	6.66e-06	6.419e-06	6.599e-06	6.354e-06	6.566e-06	0	0	0	0	0	0	0
23.1	6.341e-06	6.426e-06	6.839e-06	6.753e-06	6.801e-06	6.828e-06	6.688e-06	6.782e-06	6.663e-06	6.397e-06	6.583e-06	6.359e-06	6.533e-06	0	0	0	0	0	0	0
