# SCAN started at: 2018-05-22 15:52:29
# Elen_Scan Mass: 40.6 Resolution: 30
# ----------------------------------------
# 
18.1	5.224e-06	5.263e-06	5.161e-06	4.997e-06	5.115e-06	5.041e-06	5.044e-06	5.063e-06	4.903e-06	5.188e-06	5.109e-06	5.131e-06	4.833e-06	4.541e-06	4.2e-06	4.615e-06	4.693e-06	4.582e-06	4.924e-06	5.156e-06
18.12	5.224e-06	5.263e-06	5.161e-06	4.997e-06	5.115e-06	5.041e-06	5.044e-06	5.063e-06	4.903e-06	5.188e-06	5.109e-06	5.131e-06	4.833e-06	4.541e-06	4.2e-06	4.615e-06	4.693e-06	4.582e-06	4.924e-06	5.156e-06
18.14	5.224e-06	5.263e-06	5.161e-06	4.997e-06	5.115e-06	5.041e-06	5.044e-06	5.063e-06	4.903e-06	5.188e-06	5.109e-06	5.131e-06	4.833e-06	4.541e-06	4.2e-06	4.615e-06	4.693e-06	4.582e-06	4.924e-06	5.156e-06
18.16	5.224e-06	5.263e-06	5.161e-06	4.997e-06	5.115e-06	5.041e-06	5.044e-06	5.063e-06	4.903e-06	5.188e-06	5.109e-06	5.131e-06	4.833e-06	4.541e-06	4.2e-06	4.615e-06	4.693e-06	4.582e-06	4.924e-06	5.156e-06
18.18	5.224e-06	5.263e-06	5.161e-06	4.997e-06	5.115e-06	5.041e-06	5.044e-06	5.063e-06	4.903e-06	5.188e-06	5.109e-06	5.131e-06	4.833e-06	4.541e-06	4.2e-06	4.615e-06	4.693e-06	4.582e-06	4.924e-06	5.156e-06
18.2	5.224e-06	5.263e-06	5.161e-06	4.997e-06	5.115e-06	5.041e-06	5.044e-06	5.063e-06	4.903e-06	5.188e-06	5.109e-06	5.131e-06	4.833e-06	4.541e-06	4.2e-06	4.615e-06	4.693e-06	4.582e-06	4.924e-06	5.156e-06
18.22	5.224e-06	5.263e-06	5.161e-06	4.997e-06	5.115e-06	5.041e-06	5.044e-06	5.063e-06	4.903e-06	5.188e-06	5.109e-06	5.131e-06	4.833e-06	4.541e-06	4.2e-06	4.615e-06	4.693e-06	4.582e-06	4.924e-06	5.156e-06
18.24	5.224e-06	5.263e-06	5.161e-06	4.997e-06	5.115e-06	5.041e-06	5.044e-06	5.063e-06	4.903e-06	5.188e-06	5.109e-06	5.131e-06	4.833e-06	4.541e-06	4.2e-06	4.615e-06	4.693e-06	4.582e-06	4.924e-06	5.156e-06
18.26	5.224e-06	5.263e-06	5.161e-06	4.997e-06	5.115e-06	5.041e-06	5.044e-06	5.063e-06	4.903e-06	5.188e-06	5.109e-06	5.131e-06	4.833e-06	4.541e-06	4.2e-06	4.615e-06	4.693e-06	4.582e-06	4.924e-06	5.156e-06
18.28	5.224e-06	5.263e-06	5.161e-06	4.997e-06	5.115e-06	5.041e-06	5.044e-06	5.063e-06	4.903e-06	5.188e-06	5.109e-06	5.131e-06	4.833e-06	4.541e-06	4.2e-06	4.615e-06	4.693e-06	4.582e-06	4.924e-06	5.156e-06
18.3	5.188e-06	5.207e-06	5.183e-06	4.973e-06	5.162e-06	4.986e-06	5.064e-06	5.028e-06	4.948e-06	5.099e-06	5.095e-06	5.12e-06	4.855e-06	4.556e-06	4.235e-06	4.546e-06	4.665e-06	4.62e-06	5.009e-06	5.128e-06
18.32	5.188e-06	5.207e-06	5.183e-06	4.973e-06	5.162e-06	4.986e-06	5.064e-06	5.028e-06	4.948e-06	5.099e-06	5.095e-06	5.12e-06	4.855e-06	4.556e-06	4.235e-06	4.546e-06	4.665e-06	4.62e-06	5.009e-06	5.128e-06
18.34	5.188e-06	5.207e-06	5.183e-06	4.973e-06	5.162e-06	4.986e-06	5.064e-06	5.028e-06	4.948e-06	5.099e-06	5.095e-06	5.12e-06	4.855e-06	4.556e-06	4.235e-06	4.546e-06	4.665e-06	4.62e-06	5.009e-06	5.128e-06
18.36	5.188e-06	5.207e-06	5.183e-06	4.973e-06	5.162e-06	4.986e-06	5.064e-06	5.028e-06	4.948e-06	5.099e-06	5.095e-06	5.12e-06	4.855e-06	4.556e-06	4.235e-06	4.546e-06	4.665e-06	4.62e-06	5.009e-06	5.128e-06
18.38	5.188e-06	5.207e-06	5.183e-06	4.973e-06	5.162e-06	4.986e-06	5.064e-06	5.028e-06	4.948e-06	5.099e-06	5.095e-06	5.12e-06	4.855e-06	4.556e-06	4.235e-06	4.546e-06	4.665e-06	4.62e-06	5.009e-06	5.128e-06
18.4	5.188e-06	5.207e-06	5.183e-06	4.973e-06	5.162e-06	4.986e-06	5.064e-06	5.028e-06	4.948e-06	5.099e-06	5.095e-06	5.12e-06	4.855e-06	4.556e-06	4.235e-06	4.546e-06	4.665e-06	4.62e-06	5.009e-06	5.128e-06
18.42	5.188e-06	5.207e-06	5.183e-06	4.973e-06	5.162e-06	4.986e-06	5.064e-06	5.028e-06	4.948e-06	5.099e-06	5.095e-06	5.12e-06	4.855e-06	4.556e-06	4.235e-06	4.546e-06	4.665e-06	4.62e-06	5.009e-06	5.128e-06
18.44	5.188e-06	5.207e-06	5.183e-06	4.973e-06	5.162e-06	4.986e-06	5.064e-06	5.028e-06	4.948e-06	5.099e-06	5.095e-06	5.12e-06	4.855e-06	4.556e-06	4.235e-06	4.546e-06	4.665e-06	4.62e-06	5.009e-06	5.128e-06
18.46	5.188e-06	5.207e-06	5.183e-06	4.973e-06	5.162e-06	4.986e-06	5.064e-06	5.028e-06	4.948e-06	5.099e-06	5.095e-06	5.12e-06	4.855e-06	4.556e-06	4.235e-06	4.546e-06	4.665e-06	4.62e-06	5.009e-06	5.128e-06
18.48	5.188e-06	5.207e-06	5.183e-06	4.973e-06	5.162e-06	4.986e-06	5.064e-06	5.028e-06	4.948e-06	5.099e-06	5.095e-06	5.12e-06	4.855e-06	4.556e-06	4.235e-06	4.546e-06	4.665e-06	4.62e-06	5.009e-06	5.128e-06
18.5	5.151e-06	5.147e-06	5.184e-06	5.045e-06	5.158e-06	5.1e-06	5.224e-06	5.07e-06	4.876e-06	5.175e-06	5.055e-06	5.1e-06	4.829e-06	4.525e-06	4.181e-06	4.566e-06	4.678e-06	4.559e-06	4.969e-06	5.125e-06
18.52	5.151e-06	5.147e-06	5.184e-06	5.045e-06	5.158e-06	5.1e-06	5.224e-06	5.07e-06	4.876e-06	5.175e-06	5.055e-06	5.1e-06	4.829e-06	4.525e-06	4.181e-06	4.566e-06	4.678e-06	4.559e-06	4.969e-06	5.125e-06
18.54	5.151e-06	5.147e-06	5.184e-06	5.045e-06	5.158e-06	5.1e-06	5.224e-06	5.07e-06	4.876e-06	5.175e-06	5.055e-06	5.1e-06	4.829e-06	4.525e-06	4.181e-06	4.566e-06	4.678e-06	4.559e-06	4.969e-06	5.125e-06
18.56	5.151e-06	5.147e-06	5.184e-06	5.045e-06	5.158e-06	5.1e-06	5.224e-06	5.07e-06	4.876e-06	5.175e-06	5.055e-06	5.1e-06	4.829e-06	4.525e-06	4.181e-06	4.566e-06	4.678e-06	4.559e-06	4.969e-06	5.125e-06
18.58	5.151e-06	5.147e-06	5.184e-06	5.045e-06	5.158e-06	5.1e-06	5.224e-06	5.07e-06	4.876e-06	5.175e-06	5.055e-06	5.1e-06	4.829e-06	4.525e-06	4.181e-06	4.566e-06	4.678e-06	4.559e-06	4.969e-06	5.125e-06
18.6	5.151e-06	5.147e-06	5.184e-06	5.045e-06	5.158e-06	5.1e-06	5.224e-06	5.07e-06	4.876e-06	5.175e-06	5.055e-06	5.1e-06	4.829e-06	4.525e-06	4.181e-06	4.566e-06	4.678e-06	4.559e-06	4.969e-06	5.125e-06
18.62	5.151e-06	5.147e-06	5.184e-06	5.045e-06	5.158e-06	5.1e-06	5.224e-06	5.07e-06	4.876e-06	5.175e-06	5.055e-06	5.1e-06	4.829e-06	4.525e-06	4.181e-06	4.566e-06	4.678e-06	4.559e-06	4.969e-06	5.125e-06
18.64	5.151e-06	5.147e-06	5.184e-06	5.045e-06	5.158e-06	5.1e-06	5.224e-06	5.07e-06	4.876e-06	5.175e-06	5.055e-06	5.1e-06	4.829e-06	4.525e-06	4.181e-06	4.566e-06	4.678e-06	4.559e-06	4.969e-06	5.125e-06
18.66	5.151e-06	5.147e-06	5.184e-06	5.045e-06	5.158e-06	5.1e-06	5.224e-06	5.07e-06	4.876e-06	5.175e-06	5.055e-06	5.1e-06	4.829e-06	4.525e-06	4.181e-06	4.566e-06	4.678e-06	4.559e-06	4.969e-06	5.125e-06
18.68	5.151e-06	5.147e-06	5.184e-06	5.045e-06	5.158e-06	5.1e-06	5.224e-06	5.07e-06	4.876e-06	5.175e-06	5.055e-06	5.1e-06	4.829e-06	4.525e-06	4.181e-06	4.566e-06	4.678e-06	4.559e-06	4.969e-06	5.125e-06
18.7	5.119e-06	5.171e-06	5.186e-06	5.081e-06	5.151e-06	5.129e-06	5.202e-06	5.108e-06	4.862e-06	5.165e-06	5.046e-06	5.11e-06	4.81e-06	4.501e-06	4.228e-06	4.56e-06	4.646e-06	4.479e-06	4.962e-06	5.074e-06
18.72	5.119e-06	5.171e-06	5.186e-06	5.081e-06	5.151e-06	5.129e-06	5.202e-06	5.108e-06	4.862e-06	5.165e-06	5.046e-06	5.11e-06	4.81e-06	4.501e-06	4.228e-06	4.56e-06	4.646e-06	4.479e-06	4.962e-06	5.074e-06
18.74	5.119e-06	5.171e-06	5.186e-06	5.081e-06	5.151e-06	5.129e-06	5.202e-06	5.108e-06	4.862e-06	5.165e-06	5.046e-06	5.11e-06	4.81e-06	4.501e-06	4.228e-06	4.56e-06	4.646e-06	4.479e-06	4.962e-06	5.074e-06
18.76	5.119e-06	5.171e-06	5.186e-06	5.081e-06	5.151e-06	5.129e-06	5.202e-06	5.108e-06	4.862e-06	5.165e-06	5.046e-06	5.11e-06	4.81e-06	4.501e-06	4.228e-06	4.56e-06	4.646e-06	4.479e-06	4.962e-06	5.074e-06
18.78	5.119e-06	5.171e-06	5.186e-06	5.081e-06	5.151e-06	5.129e-06	5.202e-06	5.108e-06	4.862e-06	5.165e-06	5.046e-06	5.11e-06	4.81e-06	4.501e-06	4.228e-06	4.56e-06	4.646e-06	4.479e-06	4.962e-06	5.074e-06
18.8	5.119e-06	5.171e-06	5.186e-06	5.081e-06	5.151e-06	5.129e-06	5.202e-06	5.108e-06	4.862e-06	5.165e-06	5.046e-06	5.11e-06	4.81e-06	4.501e-06	4.228e-06	4.56e-06	4.646e-06	4.479e-06	4.962e-06	5.074e-06
18.82	5.119e-06	5.171e-06	5.186e-06	5.081e-06	5.151e-06	5.129e-06	5.202e-06	5.108e-06	4.862e-06	5.165e-06	5.046e-06	5.11e-06	4.81e-06	4.501e-06	4.228e-06	4.56e-06	4.646e-06	4.479e-06	4.962e-06	5.074e-06
18.84	5.119e-06	5.171e-06	5.186e-06	5.081e-06	5.151e-06	5.129e-06	5.202e-06	5.108e-06	4.862e-06	5.165e-06	5.046e-06	5.11e-06	4.81e-06	4.501e-06	4.228e-06	4.56e-06	4.646e-06	4.479e-06	4.962e-06	5.074e-06
18.86	5.119e-06	5.171e-06	5.186e-06	5.081e-06	5.151e-06	5.129e-06	5.202e-06	5.108e-06	4.862e-06	5.165e-06	5.046e-06	5.11e-06	4.81e-06	4.501e-06	4.228e-06	4.56e-06	4.646e-06	4.479e-06	4.962e-06	5.074e-06
18.88	5.119e-06	5.171e-06	5.186e-06	5.081e-06	5.151e-06	5.129e-06	5.202e-06	5.108e-06	4.862e-06	5.165e-06	5.046e-06	5.11e-06	4.81e-06	4.501e-06	4.228e-06	4.56e-06	4.646e-06	4.479e-06	4.962e-06	5.074e-06
18.9	5.171e-06	5.229e-06	5.225e-06	5.007e-06	5.12e-06	5.178e-06	5.176e-06	5.137e-06	4.976e-06	5.18e-06	4.975e-06	5.051e-06	4.757e-06	4.489e-06	4.657e-06	4.567e-06	4.677e-06	4.472e-06	5.009e-06	5.143e-06
18.92	5.171e-06	5.229e-06	5.225e-06	5.007e-06	5.12e-06	5.178e-06	5.176e-06	5.137e-06	4.976e-06	5.18e-06	4.975e-06	5.051e-06	4.757e-06	4.489e-06	4.657e-06	4.567e-06	4.677e-06	4.472e-06	5.009e-06	5.143e-06
18.94	5.171e-06	5.229e-06	5.225e-06	5.007e-06	5.12e-06	5.178e-06	5.176e-06	5.137e-06	4.976e-06	5.18e-06	4.975e-06	5.051e-06	4.757e-06	4.489e-06	4.657e-06	4.567e-06	4.677e-06	4.472e-06	5.009e-06	5.143e-06
18.96	5.171e-06	5.229e-06	5.225e-06	5.007e-06	5.12e-06	5.178e-06	5.176e-06	5.137e-06	4.976e-06	5.18e-06	4.975e-06	5.051e-06	4.757e-06	4.489e-06	4.657e-06	4.567e-06	4.677e-06	4.472e-06	5.009e-06	5.143e-06
18.98	5.171e-06	5.229e-06	5.225e-06	5.007e-06	5.12e-06	5.178e-06	5.176e-06	5.137e-06	4.976e-06	5.18e-06	4.975e-06	5.051e-06	4.757e-06	4.489e-06	4.657e-06	4.567e-06	4.677e-06	4.472e-06	5.009e-06	5.143e-06
19	5.171e-06	5.229e-06	5.225e-06	5.007e-06	5.12e-06	5.178e-06	5.176e-06	5.137e-06	4.976e-06	5.18e-06	4.975e-06	5.051e-06	4.757e-06	4.489e-06	4.657e-06	4.567e-06	4.677e-06	4.472e-06	5.009e-06	5.143e-06
19.02	5.171e-06	5.229e-06	5.225e-06	5.007e-06	5.12e-06	5.178e-06	5.176e-06	5.137e-06	4.976e-06	5.18e-06	4.975e-06	5.051e-06	4.757e-06	4.489e-06	4.657e-06	4.567e-06	4.677e-06	4.472e-06	5.009e-06	5.143e-06
19.04	5.171e-06	5.229e-06	5.225e-06	5.007e-06	5.12e-06	5.178e-06	5.176e-06	5.137e-06	4.976e-06	5.18e-06	4.975e-06	5.051e-06	4.757e-06	4.489e-06	4.657e-06	4.567e-06	4.677e-06	4.472e-06	5.009e-06	5.143e-06
19.06	5.171e-06	5.229e-06	5.225e-06	5.007e-06	5.12e-06	5.178e-06	5.176e-06	5.137e-06	4.976e-06	5.18e-06	4.975e-06	5.051e-06	4.757e-06	4.489e-06	4.657e-06	4.567e-06	4.677e-06	4.472e-06	5.009e-06	5.143e-06
19.08	5.171e-06	5.229e-06	5.225e-06	5.007e-06	5.12e-06	5.178e-06	5.176e-06	5.137e-06	4.976e-06	5.18e-06	4.975e-06	5.051e-06	4.757e-06	4.489e-06	4.657e-06	4.567e-06	4.677e-06	4.472e-06	5.009e-06	5.143e-06
19.1	5.374e-06	5.22e-06	5.216e-06	5.041e-06	5.126e-06	5.243e-06	5.224e-06	5.118e-06	5.012e-06	5.125e-06	5.094e-06	5.06e-06	4.717e-06	4.464e-06	4.671e-06	4.599e-06	4.616e-06	4.509e-06	5.041e-06	5.168e-06
19.12	5.374e-06	5.22e-06	5.216e-06	5.041e-06	5.126e-06	5.243e-06	5.224e-06	5.118e-06	5.012e-06	5.125e-06	5.094e-06	5.06e-06	4.717e-06	4.464e-06	4.671e-06	4.599e-06	4.616e-06	4.509e-06	5.041e-06	5.168e-06
19.14	5.374e-06	5.22e-06	5.216e-06	5.041e-06	5.126e-06	5.243e-06	5.224e-06	5.118e-06	5.012e-06	5.125e-06	5.094e-06	5.06e-06	4.717e-06	4.464e-06	4.671e-06	4.599e-06	4.616e-06	4.509e-06	5.041e-06	5.168e-06
19.16	5.374e-06	5.22e-06	5.216e-06	5.041e-06	5.126e-06	5.243e-06	5.224e-06	5.118e-06	5.012e-06	5.125e-06	5.094e-06	5.06e-06	4.717e-06	4.464e-06	4.671e-06	4.599e-06	4.616e-06	4.509e-06	5.041e-06	5.168e-06
19.18	5.374e-06	5.22e-06	5.216e-06	5.041e-06	5.126e-06	5.243e-06	5.224e-06	5.118e-06	5.012e-06	5.125e-06	5.094e-06	5.06e-06	4.717e-06	4.464e-06	4.671e-06	4.599e-06	4.616e-06	4.509e-06	5.041e-06	5.168e-06
19.2	5.374e-06	5.22e-06	5.216e-06	5.041e-06	5.126e-06	5.243e-06	5.224e-06	5.118e-06	5.012e-06	5.125e-06	5.094e-06	5.06e-06	4.717e-06	4.464e-06	4.671e-06	4.599e-06	4.616e-06	4.509e-06	5.041e-06	5.168e-06
19.22	5.374e-06	5.22e-06	5.216e-06	5.041e-06	5.126e-06	5.243e-06	5.224e-06	5.118e-06	5.012e-06	5.125e-06	5.094e-06	5.06e-06	4.717e-06	4.464e-06	4.671e-06	4.599e-06	4.616e-06	4.509e-06	5.041e-06	5.168e-06
19.24	5.374e-06	5.22e-06	5.216e-06	5.041e-06	5.126e-06	5.243e-06	5.224e-06	5.118e-06	5.012e-06	5.125e-06	5.094e-06	5.06e-06	4.717e-06	4.464e-06	4.671e-06	4.599e-06	4.616e-06	4.509e-06	5.041e-06	5.168e-06
19.26	5.374e-06	5.22e-06	5.216e-06	5.041e-06	5.126e-06	5.243e-06	5.224e-06	5.118e-06	5.012e-06	5.125e-06	5.094e-06	5.06e-06	4.717e-06	4.464e-06	4.671e-06	4.599e-06	4.616e-06	4.509e-06	5.041e-06	5.168e-06
19.28	5.374e-06	5.22e-06	5.216e-06	5.041e-06	5.126e-06	5.243e-06	5.224e-06	5.118e-06	5.012e-06	5.125e-06	5.094e-06	5.06e-06	4.717e-06	4.464e-06	4.671e-06	4.599e-06	4.616e-06	4.509e-06	5.041e-06	5.168e-06
19.3	5.347e-06	5.173e-06	5.192e-06	5.378e-06	5.101e-06	5.186e-06	5.194e-06	5.112e-06	5.054e-06	5.115e-06	5.095e-06	5.004e-06	4.671e-06	4.452e-06	4.634e-06	4.576e-06	4.586e-06	4.566e-06	4.979e-06	5.163e-06
19.32	5.347e-06	5.173e-06	5.192e-06	5.378e-06	5.101e-06	5.186e-06	5.194e-06	5.112e-06	5.054e-06	5.115e-06	5.095e-06	5.004e-06	4.671e-06	4.452e-06	4.634e-06	4.576e-06	4.586e-06	4.566e-06	4.979e-06	5.163e-06
19.34	5.347e-06	5.173e-06	5.192e-06	5.378e-06	5.101e-06	5.186e-06	5.194e-06	5.112e-06	5.054e-06	5.115e-06	5.095e-06	5.004e-06	4.671e-06	4.452e-06	4.634e-06	4.576e-06	4.586e-06	4.566e-06	4.979e-06	5.163e-06
19.36	5.347e-06	5.173e-06	5.192e-06	5.378e-06	5.101e-06	5.186e-06	5.194e-06	5.112e-06	5.054e-06	5.115e-06	5.095e-06	5.004e-06	4.671e-06	4.452e-06	4.634e-06	4.576e-06	4.586e-06	4.566e-06	4.979e-06	5.163e-06
19.38	5.347e-06	5.173e-06	5.192e-06	5.378e-06	5.101e-06	5.186e-06	5.194e-06	5.112e-06	5.054e-06	5.115e-06	5.095e-06	5.004e-06	4.671e-06	4.452e-06	4.634e-06	4.576e-06	4.586e-06	4.566e-06	4.979e-06	5.163e-06
19.4	5.347e-06	5.173e-06	5.192e-06	5.378e-06	5.101e-06	5.186e-06	5.194e-06	5.112e-06	5.054e-06	5.115e-06	5.095e-06	5.004e-06	4.671e-06	4.452e-06	4.634e-06	4.576e-06	4.586e-06	4.566e-06	4.979e-06	5.163e-06
19.42	5.347e-06	5.173e-06	5.192e-06	5.378e-06	5.101e-06	5.186e-06	5.194e-06	5.112e-06	5.054e-06	5.115e-06	5.095e-06	5.004e-06	4.671e-06	4.452e-06	4.634e-06	4.576e-06	4.586e-06	4.566e-06	4.979e-06	5.163e-06
19.44	5.347e-06	5.173e-06	5.192e-06	5.378e-06	5.101e-06	5.186e-06	5.194e-06	5.112e-06	5.054e-06	5.115e-06	5.095e-06	5.004e-06	4.671e-06	4.452e-06	4.634e-06	4.576e-06	4.586e-06	4.566e-06	4.979e-06	5.163e-06
19.46	5.347e-06	5.173e-06	5.192e-06	5.378e-06	5.101e-06	5.186e-06	5.194e-06	5.112e-06	5.054e-06	5.115e-06	5.095e-06	5.004e-06	4.671e-06	4.452e-06	4.634e-06	4.576e-06	4.586e-06	4.566e-06	4.979e-06	5.163e-06
19.48	5.347e-06	5.173e-06	5.192e-06	5.378e-06	5.101e-06	5.186e-06	5.194e-06	5.112e-06	5.054e-06	5.115e-06	5.095e-06	5.004e-06	4.671e-06	4.452e-06	4.634e-06	4.576e-06	4.586e-06	4.566e-06	4.979e-06	5.163e-06
19.5	5.343e-06	5.133e-06	5.127e-06	5.397e-06	5.13e-06	5.171e-06	5.16e-06	5.128e-06	4.998e-06	5.153e-06	5.073e-06	5.021e-06	4.726e-06	4.423e-06	4.663e-06	4.618e-06	4.588e-06	4.636e-06	4.986e-06	5.13e-06
19.52	5.343e-06	5.133e-06	5.127e-06	5.397e-06	5.13e-06	5.171e-06	5.16e-06	5.128e-06	4.998e-06	5.153e-06	5.073e-06	5.021e-06	4.726e-06	4.423e-06	4.663e-06	4.618e-06	4.588e-06	4.636e-06	4.986e-06	5.13e-06
19.54	5.343e-06	5.133e-06	5.127e-06	5.397e-06	5.13e-06	5.171e-06	5.16e-06	5.128e-06	4.998e-06	5.153e-06	5.073e-06	5.021e-06	4.726e-06	4.423e-06	4.663e-06	4.618e-06	4.588e-06	4.636e-06	4.986e-06	5.13e-06
19.56	5.343e-06	5.133e-06	5.127e-06	5.397e-06	5.13e-06	5.171e-06	5.16e-06	5.128e-06	4.998e-06	5.153e-06	5.073e-06	5.021e-06	4.726e-06	4.423e-06	4.663e-06	4.618e-06	4.588e-06	4.636e-06	4.986e-06	5.13e-06
19.58	5.343e-06	5.133e-06	5.127e-06	5.397e-06	5.13e-06	5.171e-06	5.16e-06	5.128e-06	4.998e-06	5.153e-06	5.073e-06	5.021e-06	4.726e-06	4.423e-06	4.663e-06	4.618e-06	4.588e-06	4.636e-06	4.986e-06	5.13e-06
19.6	5.343e-06	5.133e-06	5.127e-06	5.397e-06	5.13e-06	5.171e-06	5.16e-06	5.128e-06	4.998e-06	5.153e-06	5.073e-06	5.021e-06	4.726e-06	4.423e-06	4.663e-06	4.618e-06	4.588e-06	4.636e-06	4.986e-06	5.13e-06
19.62	5.343e-06	5.133e-06	5.127e-06	5.397e-06	5.13e-06	5.171e-06	5.16e-06	5.128e-06	4.998e-06	5.153e-06	5.073e-06	5.021e-06	4.726e-06	4.423e-06	4.663e-06	4.618e-06	4.588e-06	4.636e-06	4.986e-06	5.13e-06
19.64	5.343e-06	5.133e-06	5.127e-06	5.397e-06	5.13e-06	5.171e-06	5.16e-06	5.128e-06	4.998e-06	5.153e-06	5.073e-06	5.021e-06	4.726e-06	4.423e-06	4.663e-06	4.618e-06	4.588e-06	4.636e-06	4.986e-06	5.13e-06
19.66	5.343e-06	5.133e-06	5.127e-06	5.397e-06	5.13e-06	5.171e-06	5.16e-06	5.128e-06	4.998e-06	5.153e-06	5.073e-06	5.021e-06	4.726e-06	4.423e-06	4.663e-06	4.618e-06	4.588e-06	4.636e-06	4.986e-06	5.13e-06
19.68	5.343e-06	5.133e-06	5.127e-06	5.397e-06	5.13e-06	5.171e-06	5.16e-06	5.128e-06	4.998e-06	5.153e-06	5.073e-06	5.021e-06	4.726e-06	4.423e-06	4.663e-06	4.618e-06	4.588e-06	4.636e-06	4.986e-06	5.13e-06
19.7	5.306e-06	5.169e-06	5.164e-06	5.371e-06	5.285e-06	5.099e-06	5.115e-06	5.033e-06	5.111e-06	5.157e-06	5.046e-06	4.985e-06	4.726e-06	4.455e-06	4.71e-06	4.851e-06	4.597e-06	4.624e-06	4.97e-06	5.12e-06
19.72	5.306e-06	5.169e-06	5.164e-06	5.371e-06	5.285e-06	5.099e-06	5.115e-06	5.033e-06	5.111e-06	5.157e-06	5.046e-06	4.985e-06	4.726e-06	4.455e-06	4.71e-06	4.851e-06	4.597e-06	4.624e-06	4.97e-06	5.12e-06
19.74	5.306e-06	5.169e-06	5.164e-06	5.371e-06	5.285e-06	5.099e-06	5.115e-06	5.033e-06	5.111e-06	5.157e-06	5.046e-06	4.985e-06	4.726e-06	4.455e-06	4.71e-06	4.851e-06	4.597e-06	4.624e-06	4.97e-06	5.12e-06
19.76	5.306e-06	5.169e-06	5.164e-06	5.371e-06	5.285e-06	5.099e-06	5.115e-06	5.033e-06	5.111e-06	5.157e-06	5.046e-06	4.985e-06	4.726e-06	4.455e-06	4.71e-06	4.851e-06	4.597e-06	4.624e-06	4.97e-06	5.12e-06
19.78	5.306e-06	5.169e-06	5.164e-06	5.371e-06	5.285e-06	5.099e-06	5.115e-06	5.033e-06	5.111e-06	5.157e-06	5.046e-06	4.985e-06	4.726e-06	4.455e-06	4.71e-06	4.851e-06	4.597e-06	4.624e-06	4.97e-06	5.12e-06
19.8	5.306e-06	5.169e-06	5.164e-06	5.371e-06	5.285e-06	5.099e-06	5.115e-06	5.033e-06	5.111e-06	5.157e-06	5.046e-06	4.985e-06	4.726e-06	4.455e-06	4.71e-06	4.851e-06	4.597e-06	4.624e-06	4.97e-06	5.12e-06
19.82	5.306e-06	5.169e-06	5.164e-06	5.371e-06	5.285e-06	5.099e-06	5.115e-06	5.033e-06	5.111e-06	5.157e-06	5.046e-06	4.985e-06	4.726e-06	4.455e-06	4.71e-06	4.851e-06	4.597e-06	4.624e-06	4.97e-06	5.12e-06
19.84	5.306e-06	5.169e-06	5.164e-06	5.371e-06	5.285e-06	5.099e-06	5.115e-06	5.033e-06	5.111e-06	5.157e-06	5.046e-06	4.985e-06	4.726e-06	4.455e-06	4.71e-06	4.851e-06	4.597e-06	4.624e-06	4.97e-06	5.12e-06
19.86	5.306e-06	5.169e-06	5.164e-06	5.371e-06	5.285e-06	5.099e-06	5.115e-06	5.033e-06	5.111e-06	5.157e-06	5.046e-06	4.985e-06	4.726e-06	4.455e-06	4.71e-06	4.851e-06	4.597e-06	4.624e-06	4.97e-06	5.12e-06
19.88	5.306e-06	5.169e-06	5.164e-06	5.371e-06	5.285e-06	5.099e-06	5.115e-06	5.033e-06	5.111e-06	5.157e-06	5.046e-06	4.985e-06	4.726e-06	4.455e-06	4.71e-06	4.851e-06	4.597e-06	4.624e-06	4.97e-06	5.12e-06
19.9	5.358e-06	5.137e-06	5.152e-06	5.373e-06	5.217e-06	5.14e-06	5.222e-06	5.035e-06	5.089e-06	5.158e-06	4.997e-06	5.024e-06	4.823e-06	4.45e-06	4.632e-06	4.773e-06	4.533e-06	4.737e-06	4.909e-06	5.148e-06
19.92	5.358e-06	5.137e-06	5.152e-06	5.373e-06	5.217e-06	5.14e-06	5.222e-06	5.035e-06	5.089e-06	5.158e-06	4.997e-06	5.024e-06	4.823e-06	4.45e-06	4.632e-06	4.773e-06	4.533e-06	4.737e-06	4.909e-06	5.148e-06
19.94	5.358e-06	5.137e-06	5.152e-06	5.373e-06	5.217e-06	5.14e-06	5.222e-06	5.035e-06	5.089e-06	5.158e-06	4.997e-06	5.024e-06	4.823e-06	4.45e-06	4.632e-06	4.773e-06	4.533e-06	4.737e-06	4.909e-06	5.148e-06
19.96	5.358e-06	5.137e-06	5.152e-06	5.373e-06	5.217e-06	5.14e-06	5.222e-06	5.035e-06	5.089e-06	5.158e-06	4.997e-06	5.024e-06	4.823e-06	4.45e-06	4.632e-06	4.773e-06	4.533e-06	4.737e-06	4.909e-06	5.148e-06
19.98	5.358e-06	5.137e-06	5.152e-06	5.373e-06	5.217e-06	5.14e-06	5.222e-06	5.035e-06	5.089e-06	5.158e-06	4.997e-06	5.024e-06	4.823e-06	4.45e-06	4.632e-06	4.773e-06	4.533e-06	4.737e-06	4.909e-06	5.148e-06
20	5.358e-06	5.137e-06	5.152e-06	5.373e-06	5.217e-06	5.14e-06	5.222e-06	5.035e-06	5.089e-06	5.158e-06	4.997e-06	5.024e-06	4.823e-06	4.45e-06	4.632e-06	4.773e-06	4.533e-06	4.737e-06	4.909e-06	5.148e-06
20.02	5.358e-06	5.137e-06	5.152e-06	5.373e-06	5.217e-06	5.14e-06	5.222e-06	5.035e-06	5.089e-06	5.158e-06	4.997e-06	5.024e-06	4.823e-06	4.45e-06	4.632e-06	4.773e-06	4.533e-06	4.737e-06	4.909e-06	5.148e-06
20.04	5.358e-06	5.137e-06	5.152e-06	5.373e-06	5.217e-06	5.14e-06	5.222e-06	5.035e-06	5.089e-06	5.158e-06	4.997e-06	5.024e-06	4.823e-06	4.45e-06	4.632e-06	4.773e-06	4.533e-06	4.737e-06	4.909e-06	5.148e-06
20.06	5.358e-06	5.137e-06	5.152e-06	5.373e-06	5.217e-06	5.14e-06	5.222e-06	5.035e-06	5.089e-06	5.158e-06	4.997e-06	5.024e-06	4.823e-06	4.45e-06	4.632e-06	4.773e-06	4.533e-06	4.737e-06	4.909e-06	5.148e-06
20.08	5.358e-06	5.137e-06	5.152e-06	5.373e-06	5.217e-06	5.14e-06	5.222e-06	5.035e-06	5.089e-06	5.158e-06	4.997e-06	5.024e-06	4.823e-06	4.45e-06	4.632e-06	4.773e-06	4.533e-06	4.737e-06	4.909e-06	5.148e-06
20.1	5.289e-06	5.169e-06	5.12e-06	5.3e-06	5.17e-06	5.242e-06	5.269e-06	5.018e-06	5.155e-06	5.124e-06	4.963e-06	5.036e-06	4.785e-06	4.404e-06	4.656e-06	4.772e-06	4.564e-06	5.087e-06	5.023e-06	5.154e-06
20.12	5.289e-06	5.169e-06	5.12e-06	5.3e-06	5.17e-06	5.242e-06	5.269e-06	5.018e-06	5.155e-06	5.124e-06	4.963e-06	5.036e-06	4.785e-06	4.404e-06	4.656e-06	4.772e-06	4.564e-06	5.087e-06	5.023e-06	5.154e-06
20.14	5.289e-06	5.169e-06	5.12e-06	5.3e-06	5.17e-06	5.242e-06	5.269e-06	5.018e-06	5.155e-06	5.124e-06	4.963e-06	5.036e-06	4.785e-06	4.404e-06	4.656e-06	4.772e-06	4.564e-06	5.087e-06	5.023e-06	5.154e-06
20.16	5.289e-06	5.169e-06	5.12e-06	5.3e-06	5.17e-06	5.242e-06	5.269e-06	5.018e-06	5.155e-06	5.124e-06	4.963e-06	5.036e-06	4.785e-06	4.404e-06	4.656e-06	4.772e-06	4.564e-06	5.087e-06	5.023e-06	5.154e-06
20.18	5.289e-06	5.169e-06	5.12e-06	5.3e-06	5.17e-06	5.242e-06	5.269e-06	5.018e-06	5.155e-06	5.124e-06	4.963e-06	5.036e-06	4.785e-06	4.404e-06	4.656e-06	4.772e-06	4.564e-06	5.087e-06	5.023e-06	5.154e-06
20.2	5.289e-06	5.169e-06	5.12e-06	5.3e-06	5.17e-06	5.242e-06	5.269e-06	5.018e-06	5.155e-06	5.124e-06	4.963e-06	5.036e-06	4.785e-06	4.404e-06	4.656e-06	4.772e-06	4.564e-06	5.087e-06	5.023e-06	5.154e-06
20.22	5.289e-06	5.169e-06	5.12e-06	5.3e-06	5.17e-06	5.242e-06	5.269e-06	5.018e-06	5.155e-06	5.124e-06	4.963e-06	5.036e-06	4.785e-06	4.404e-06	4.656e-06	4.772e-06	4.564e-06	5.087e-06	5.023e-06	5.154e-06
20.24	5.289e-06	5.169e-06	5.12e-06	5.3e-06	5.17e-06	5.242e-06	5.269e-06	5.018e-06	5.155e-06	5.124e-06	4.963e-06	5.036e-06	4.785e-06	4.404e-06	4.656e-06	4.772e-06	4.564e-06	5.087e-06	5.023e-06	5.154e-06
20.26	5.289e-06	5.169e-06	5.12e-06	5.3e-06	5.17e-06	5.242e-06	5.269e-06	5.018e-06	5.155e-06	5.124e-06	4.963e-06	5.036e-06	4.785e-06	4.404e-06	4.656e-06	4.772e-06	4.564e-06	5.087e-06	5.023e-06	5.154e-06
20.28	5.289e-06	5.169e-06	5.12e-06	5.3e-06	5.17e-06	5.242e-06	5.269e-06	5.018e-06	5.155e-06	5.124e-06	4.963e-06	5.036e-06	4.785e-06	4.404e-06	4.656e-06	4.772e-06	4.564e-06	5.087e-06	5.023e-06	5.154e-06
20.3	5.263e-06	5.106e-06	5.078e-06	5.356e-06	5.114e-06	5.228e-06	5.254e-06	5.005e-06	5.132e-06	5.1e-06	5.034e-06	4.973e-06	4.785e-06	4.353e-06	4.647e-06	4.717e-06	4.629e-06	4.994e-06	4.928e-06	5.144e-06
20.32	5.263e-06	5.106e-06	5.078e-06	5.356e-06	5.114e-06	5.228e-06	5.254e-06	5.005e-06	5.132e-06	5.1e-06	5.034e-06	4.973e-06	4.785e-06	4.353e-06	4.647e-06	4.717e-06	4.629e-06	4.994e-06	4.928e-06	5.144e-06
20.34	5.263e-06	5.106e-06	5.078e-06	5.356e-06	5.114e-06	5.228e-06	5.254e-06	5.005e-06	5.132e-06	5.1e-06	5.034e-06	4.973e-06	4.785e-06	4.353e-06	4.647e-06	4.717e-06	4.629e-06	4.994e-06	4.928e-06	5.144e-06
20.36	5.263e-06	5.106e-06	5.078e-06	5.356e-06	5.114e-06	5.228e-06	5.254e-06	5.005e-06	5.132e-06	5.1e-06	5.034e-06	4.973e-06	4.785e-06	4.353e-06	4.647e-06	4.717e-06	4.629e-06	4.994e-06	4.928e-06	5.144e-06
20.38	5.263e-06	5.106e-06	5.078e-06	5.356e-06	5.114e-06	5.228e-06	5.254e-06	5.005e-06	5.132e-06	5.1e-06	5.034e-06	4.973e-06	4.785e-06	4.353e-06	4.647e-06	4.717e-06	4.629e-06	4.994e-06	4.928e-06	5.144e-06
20.4	5.263e-06	5.106e-06	5.078e-06	5.356e-06	5.114e-06	5.228e-06	5.254e-06	5.005e-06	5.132e-06	5.1e-06	5.034e-06	4.973e-06	4.785e-06	4.353e-06	4.647e-06	4.717e-06	4.629e-06	4.994e-06	4.928e-06	5.144e-06
20.42	5.263e-06	5.106e-06	5.078e-06	5.356e-06	5.114e-06	5.228e-06	5.254e-06	5.005e-06	5.132e-06	5.1e-06	5.034e-06	4.973e-06	4.785e-06	4.353e-06	4.647e-06	4.717e-06	4.629e-06	4.994e-06	4.928e-06	5.144e-06
20.44	5.263e-06	5.106e-06	5.078e-06	5.356e-06	5.114e-06	5.228e-06	5.254e-06	5.005e-06	5.132e-06	5.1e-06	5.034e-06	4.973e-06	4.785e-06	4.353e-06	4.647e-06	4.717e-06	4.629e-06	4.994e-06	4.928e-06	5.144e-06
20.46	5.263e-06	5.106e-06	5.078e-06	5.356e-06	5.114e-06	5.228e-06	5.254e-06	5.005e-06	5.132e-06	5.1e-06	5.034e-06	4.973e-06	4.785e-06	4.353e-06	4.647e-06	4.717e-06	4.629e-06	4.994e-06	4.928e-06	5.144e-06
20.48	5.263e-06	5.106e-06	5.078e-06	5.356e-06	5.114e-06	5.228e-06	5.254e-06	5.005e-06	5.132e-06	5.1e-06	5.034e-06	4.973e-06	4.785e-06	4.353e-06	4.647e-06	4.717e-06	4.629e-06	4.994e-06	4.928e-06	5.144e-06
20.5	5.21e-06	5.074e-06	5.263e-06	5.298e-06	5.177e-06	5.236e-06	5.224e-06	4.974e-06	5.139e-06	5.119e-06	5.204e-06	4.978e-06	4.777e-06	4.315e-06	4.639e-06	4.709e-06	4.633e-06	4.955e-06	4.937e-06	5.147e-06
20.52	5.21e-06	5.074e-06	5.263e-06	5.298e-06	5.177e-06	5.236e-06	5.224e-06	4.974e-06	5.139e-06	5.119e-06	5.204e-06	4.978e-06	4.777e-06	4.315e-06	4.639e-06	4.709e-06	4.633e-06	4.955e-06	4.937e-06	5.147e-06
20.54	5.21e-06	5.074e-06	5.263e-06	5.298e-06	5.177e-06	5.236e-06	5.224e-06	4.974e-06	5.139e-06	5.119e-06	5.204e-06	4.978e-06	4.777e-06	4.315e-06	4.639e-06	4.709e-06	4.633e-06	4.955e-06	4.937e-06	5.147e-06
20.56	5.21e-06	5.074e-06	5.263e-06	5.298e-06	5.177e-06	5.236e-06	5.224e-06	4.974e-06	5.139e-06	5.119e-06	5.204e-06	4.978e-06	4.777e-06	4.315e-06	4.639e-06	4.709e-06	4.633e-06	4.955e-06	4.937e-06	5.147e-06
20.58	5.21e-06	5.074e-06	5.263e-06	5.298e-06	5.177e-06	5.236e-06	5.224e-06	4.974e-06	5.139e-06	5.119e-06	5.204e-06	4.978e-06	4.777e-06	4.315e-06	4.639e-06	4.709e-06	4.633e-06	4.955e-06	4.937e-06	5.147e-06
20.6	5.21e-06	5.074e-06	5.263e-06	5.298e-06	5.177e-06	5.236e-06	5.224e-06	4.974e-06	5.139e-06	5.119e-06	5.204e-06	4.978e-06	4.777e-06	4.315e-06	4.639e-06	4.709e-06	4.633e-06	4.955e-06	4.937e-06	5.147e-06
20.62	5.21e-06	5.074e-06	5.263e-06	5.298e-06	5.177e-06	5.236e-06	5.224e-06	4.974e-06	5.139e-06	5.119e-06	5.204e-06	4.978e-06	4.777e-06	4.315e-06	4.639e-06	4.709e-06	4.633e-06	4.955e-06	4.937e-06	5.147e-06
20.64	5.21e-06	5.074e-06	5.263e-06	5.298e-06	5.177e-06	5.236e-06	5.224e-06	4.974e-06	5.139e-06	5.119e-06	5.204e-06	4.978e-06	4.777e-06	4.315e-06	4.639e-06	4.709e-06	4.633e-06	4.955e-06	4.937e-06	5.147e-06
20.66	5.21e-06	5.074e-06	5.263e-06	5.298e-06	5.177e-06	5.236e-06	5.224e-06	4.974e-06	5.139e-06	5.119e-06	5.204e-06	4.978e-06	4.777e-06	4.315e-06	4.639e-06	4.709e-06	4.633e-06	4.955e-06	4.937e-06	5.147e-06
20.68	5.21e-06	5.074e-06	5.263e-06	5.298e-06	5.177e-06	5.236e-06	5.224e-06	4.974e-06	5.139e-06	5.119e-06	5.204e-06	4.978e-06	4.777e-06	4.315e-06	4.639e-06	4.709e-06	4.633e-06	4.955e-06	4.937e-06	5.147e-06
20.7	5.236e-06	5.175e-06	5.263e-06	5.295e-06	5.12e-06	5.192e-06	5.223e-06	4.941e-06	5.103e-06	5.113e-06	5.214e-06	4.922e-06	4.77e-06	4.349e-06	4.66e-06	4.688e-06	4.706e-06	4.977e-06	4.826e-06	5.214e-06
20.72	5.236e-06	5.175e-06	5.263e-06	5.295e-06	5.12e-06	5.192e-06	5.223e-06	4.941e-06	5.103e-06	5.113e-06	5.214e-06	4.922e-06	4.77e-06	4.349e-06	4.66e-06	4.688e-06	4.706e-06	4.977e-06	4.826e-06	5.214e-06
20.74	5.236e-06	5.175e-06	5.263e-06	5.295e-06	5.12e-06	5.192e-06	5.223e-06	4.941e-06	5.103e-06	5.113e-06	5.214e-06	4.922e-06	4.77e-06	4.349e-06	4.66e-06	4.688e-06	4.706e-06	4.977e-06	4.826e-06	5.214e-06
20.76	5.236e-06	5.175e-06	5.263e-06	5.295e-06	5.12e-06	5.192e-06	5.223e-06	4.941e-06	5.103e-06	5.113e-06	5.214e-06	4.922e-06	4.77e-06	4.349e-06	4.66e-06	4.688e-06	4.706e-06	4.977e-06	4.826e-06	5.214e-06
20.78	5.236e-06	5.175e-06	5.263e-06	5.295e-06	5.12e-06	5.192e-06	5.223e-06	4.941e-06	5.103e-06	5.113e-06	5.214e-06	4.922e-06	4.77e-06	4.349e-06	4.66e-06	4.688e-06	4.706e-06	4.977e-06	4.826e-06	5.214e-06
20.8	5.236e-06	5.175e-06	5.263e-06	5.295e-06	5.12e-06	5.192e-06	5.223e-06	4.941e-06	5.103e-06	5.113e-06	5.214e-06	4.922e-06	4.77e-06	4.349e-06	4.66e-06	4.688e-06	4.706e-06	4.977e-06	4.826e-06	5.214e-06
20.82	5.236e-06	5.175e-06	5.263e-06	5.295e-06	5.12e-06	5.192e-06	5.223e-06	4.941e-06	5.103e-06	5.113e-06	5.214e-06	4.922e-06	4.77e-06	4.349e-06	4.66e-06	4.688e-06	4.706e-06	4.977e-06	4.826e-06	5.214e-06
20.84	5.236e-06	5.175e-06	5.263e-06	5.295e-06	5.12e-06	5.192e-06	5.223e-06	4.941e-06	5.103e-06	5.113e-06	5.214e-06	4.922e-06	4.77e-06	4.349e-06	4.66e-06	4.688e-06	4.706e-06	4.977e-06	4.826e-06	5.214e-06
20.86	5.236e-06	5.175e-06	5.263e-06	5.295e-06	5.12e-06	5.192e-06	5.223e-06	4.941e-06	5.103e-06	5.113e-06	5.214e-06	4.922e-06	4.77e-06	4.349e-06	4.66e-06	4.688e-06	4.706e-06	4.977e-06	4.826e-06	5.214e-06
20.88	5.236e-06	5.175e-06	5.263e-06	5.295e-06	5.12e-06	5.192e-06	5.223e-06	4.941e-06	5.103e-06	5.113e-06	5.214e-06	4.922e-06	4.77e-06	4.349e-06	4.66e-06	4.688e-06	4.706e-06	4.977e-06	4.826e-06	5.214e-06
20.9	5.226e-06	5.188e-06	5.212e-06	5.297e-06	5.114e-06	5.27e-06	5.196e-06	4.98e-06	5.101e-06	5.104e-06	5.184e-06	4.923e-06	4.757e-06	4.286e-06	4.676e-06	4.688e-06	4.686e-06	5.002e-06	4.873e-06	5.21e-06
20.92	5.226e-06	5.188e-06	5.212e-06	5.297e-06	5.114e-06	5.27e-06	5.196e-06	4.98e-06	5.101e-06	5.104e-06	5.184e-06	4.923e-06	4.757e-06	4.286e-06	4.676e-06	4.688e-06	4.686e-06	5.002e-06	4.873e-06	5.21e-06
20.94	5.226e-06	5.188e-06	5.212e-06	5.297e-06	5.114e-06	5.27e-06	5.196e-06	4.98e-06	5.101e-06	5.104e-06	5.184e-06	4.923e-06	4.757e-06	4.286e-06	4.676e-06	4.688e-06	4.686e-06	5.002e-06	4.873e-06	5.21e-06
20.96	5.226e-06	5.188e-06	5.212e-06	5.297e-06	5.114e-06	5.27e-06	5.196e-06	4.98e-06	5.101e-06	5.104e-06	5.184e-06	4.923e-06	4.757e-06	4.286e-06	4.676e-06	4.688e-06	4.686e-06	5.002e-06	4.873e-06	5.21e-06
20.98	5.226e-06	5.188e-06	5.212e-06	5.297e-06	5.114e-06	5.27e-06	5.196e-06	4.98e-06	5.101e-06	5.104e-06	5.184e-06	4.923e-06	4.757e-06	4.286e-06	4.676e-06	4.688e-06	4.686e-06	5.002e-06	4.873e-06	5.21e-06
21	5.226e-06	5.188e-06	5.212e-06	5.297e-06	5.114e-06	5.27e-06	5.196e-06	4.98e-06	5.101e-06	5.104e-06	5.184e-06	4.923e-06	4.757e-06	4.286e-06	4.676e-06	4.688e-06	4.686e-06	5.002e-06	4.873e-06	5.21e-06
21.02	5.226e-06	5.188e-06	5.212e-06	5.297e-06	5.114e-06	5.27e-06	5.196e-06	4.98e-06	5.101e-06	5.104e-06	5.184e-06	4.923e-06	4.757e-06	4.286e-06	4.676e-06	4.688e-06	4.686e-06	5.002e-06	4.873e-06	5.21e-06
21.04	5.226e-06	5.188e-06	5.212e-06	5.297e-06	5.114e-06	5.27e-06	5.196e-06	4.98e-06	5.101e-06	5.104e-06	5.184e-06	4.923e-06	4.757e-06	4.286e-06	4.676e-06	4.688e-06	4.686e-06	5.002e-06	4.873e-06	5.21e-06
21.06	5.226e-06	5.188e-06	5.212e-06	5.297e-06	5.114e-06	5.27e-06	5.196e-06	4.98e-06	5.101e-06	5.104e-06	5.184e-06	4.923e-06	4.757e-06	4.286e-06	4.676e-06	4.688e-06	4.686e-06	5.002e-06	4.873e-06	5.21e-06
21.08	5.226e-06	5.188e-06	5.212e-06	5.297e-06	5.114e-06	5.27e-06	5.196e-06	4.98e-06	5.101e-06	5.104e-06	5.184e-06	4.923e-06	4.757e-06	4.286e-06	4.676e-06	4.688e-06	4.686e-06	5.002e-06	4.873e-06	5.21e-06
21.1	5.224e-06	5.136e-06	5.172e-06	5.247e-06	5.091e-06	5.209e-06	5.204e-06	4.964e-06	5.126e-06	5.092e-06	5.152e-06	4.847e-06	4.718e-06	4.247e-06	4.726e-06	4.634e-06	4.55e-06	5.062e-06	4.874e-06	5.265e-06
21.12	5.224e-06	5.136e-06	5.172e-06	5.247e-06	5.091e-06	5.209e-06	5.204e-06	4.964e-06	5.126e-06	5.092e-06	5.152e-06	4.847e-06	4.718e-06	4.247e-06	4.726e-06	4.634e-06	4.55e-06	5.062e-06	4.874e-06	5.265e-06
21.14	5.224e-06	5.136e-06	5.172e-06	5.247e-06	5.091e-06	5.209e-06	5.204e-06	4.964e-06	5.126e-06	5.092e-06	5.152e-06	4.847e-06	4.718e-06	4.247e-06	4.726e-06	4.634e-06	4.55e-06	5.062e-06	4.874e-06	5.265e-06
21.16	5.224e-06	5.136e-06	5.172e-06	5.247e-06	5.091e-06	5.209e-06	5.204e-06	4.964e-06	5.126e-06	5.092e-06	5.152e-06	4.847e-06	4.718e-06	4.247e-06	4.726e-06	4.634e-06	4.55e-06	5.062e-06	4.874e-06	5.265e-06
21.18	5.224e-06	5.136e-06	5.172e-06	5.247e-06	5.091e-06	5.209e-06	5.204e-06	4.964e-06	5.126e-06	5.092e-06	5.152e-06	4.847e-06	4.718e-06	4.247e-06	4.726e-06	4.634e-06	4.55e-06	5.062e-06	4.874e-06	5.265e-06
21.2	5.224e-06	5.136e-06	5.172e-06	5.247e-06	5.091e-06	5.209e-06	5.204e-06	4.964e-06	5.126e-06	5.092e-06	5.152e-06	4.847e-06	4.718e-06	4.247e-06	4.726e-06	4.634e-06	4.55e-06	5.062e-06	4.874e-06	5.265e-06
21.22	5.224e-06	5.136e-06	5.172e-06	5.247e-06	5.091e-06	5.209e-06	5.204e-06	4.964e-06	5.126e-06	5.092e-06	5.152e-06	4.847e-06	4.718e-06	4.247e-06	4.726e-06	4.634e-06	4.55e-06	5.062e-06	4.874e-06	5.265e-06
21.24	5.224e-06	5.136e-06	5.172e-06	5.247e-06	5.091e-06	5.209e-06	5.204e-06	4.964e-06	5.126e-06	5.092e-06	5.152e-06	4.847e-06	4.718e-06	4.247e-06	4.726e-06	4.634e-06	4.55e-06	5.062e-06	4.874e-06	5.265e-06
21.26	5.224e-06	5.136e-06	5.172e-06	5.247e-06	5.091e-06	5.209e-06	5.204e-06	4.964e-06	5.126e-06	5.092e-06	5.152e-06	4.847e-06	4.718e-06	4.247e-06	4.726e-06	4.634e-06	4.55e-06	5.062e-06	4.874e-06	5.265e-06
21.28	5.224e-06	5.136e-06	5.172e-06	5.247e-06	5.091e-06	5.209e-06	5.204e-06	4.964e-06	5.126e-06	5.092e-06	5.152e-06	4.847e-06	4.718e-06	4.247e-06	4.726e-06	4.634e-06	4.55e-06	5.062e-06	4.874e-06	5.265e-06
21.3	5.22e-06	5.191e-06	5.149e-06	5.301e-06	5.092e-06	5.172e-06	5.193e-06	4.914e-06	5.161e-06	5.087e-06	5.148e-06	4.874e-06	4.751e-06	4.215e-06	4.676e-06	4.636e-06	4.641e-06	5.057e-06	4.873e-06	5.307e-06
21.32	5.22e-06	5.191e-06	5.149e-06	5.301e-06	5.092e-06	5.172e-06	5.193e-06	4.914e-06	5.161e-06	5.087e-06	5.148e-06	4.874e-06	4.751e-06	4.215e-06	4.676e-06	4.636e-06	4.641e-06	5.057e-06	4.873e-06	5.307e-06
21.34	5.22e-06	5.191e-06	5.149e-06	5.301e-06	5.092e-06	5.172e-06	5.193e-06	4.914e-06	5.161e-06	5.087e-06	5.148e-06	4.874e-06	4.751e-06	4.215e-06	4.676e-06	4.636e-06	4.641e-06	5.057e-06	4.873e-06	5.307e-06
21.36	5.22e-06	5.191e-06	5.149e-06	5.301e-06	5.092e-06	5.172e-06	5.193e-06	4.914e-06	5.161e-06	5.087e-06	5.148e-06	4.874e-06	4.751e-06	4.215e-06	4.676e-06	4.636e-06	4.641e-06	5.057e-06	4.873e-06	5.307e-06
21.38	5.22e-06	5.191e-06	5.149e-06	5.301e-06	5.092e-06	5.172e-06	5.193e-06	4.914e-06	5.161e-06	5.087e-06	5.148e-06	4.874e-06	4.751e-06	4.215e-06	4.676e-06	4.636e-06	4.641e-06	5.057e-06	4.873e-06	5.307e-06
21.4	5.22e-06	5.191e-06	5.149e-06	5.301e-06	5.092e-06	5.172e-06	5.193e-06	4.914e-06	5.161e-06	5.087e-06	5.148e-06	4.874e-06	4.751e-06	4.215e-06	4.676e-06	4.636e-06	4.641e-06	5.057e-06	4.873e-06	5.307e-06
21.42	5.22e-06	5.191e-06	5.149e-06	5.301e-06	5.092e-06	5.172e-06	5.193e-06	4.914e-06	5.161e-06	5.087e-06	5.148e-06	4.874e-06	4.751e-06	4.215e-06	4.676e-06	4.636e-06	4.641e-06	5.057e-06	4.873e-06	5.307e-06
21.44	5.22e-06	5.191e-06	5.149e-06	5.301e-06	5.092e-06	5.172e-06	5.193e-06	4.914e-06	5.161e-06	5.087e-06	5.148e-06	4.874e-06	4.751e-06	4.215e-06	4.676e-06	4.636e-06	4.641e-06	5.057e-06	4.873e-06	5.307e-06
21.46	5.22e-06	5.191e-06	5.149e-06	5.301e-06	5.092e-06	5.172e-06	5.193e-06	4.914e-06	5.161e-06	5.087e-06	5.148e-06	4.874e-06	4.751e-06	4.215e-06	4.676e-06	4.636e-06	4.641e-06	5.057e-06	4.873e-06	5.307e-06
21.48	5.22e-06	5.191e-06	5.149e-06	5.301e-06	5.092e-06	5.172e-06	5.193e-06	4.914e-06	5.161e-06	5.087e-06	5.148e-06	4.874e-06	4.751e-06	4.215e-06	4.676e-06	4.636e-06	4.641e-06	5.057e-06	4.873e-06	5.307e-06
21.5	5.194e-06	5.183e-06	5.172e-06	5.233e-06	5.066e-06	5.121e-06	5.159e-06	4.957e-06	5.111e-06	5.075e-06	5.179e-06	4.826e-06	4.701e-06	4.197e-06	4.701e-06	4.622e-06	4.589e-06	5.143e-06	5.181e-06	5.301e-06
21.52	5.194e-06	5.183e-06	5.172e-06	5.233e-06	5.066e-06	5.121e-06	5.159e-06	4.957e-06	5.111e-06	5.075e-06	5.179e-06	4.826e-06	4.701e-06	4.197e-06	4.701e-06	4.622e-06	4.589e-06	5.143e-06	5.181e-06	5.301e-06
21.54	5.194e-06	5.183e-06	5.172e-06	5.233e-06	5.066e-06	5.121e-06	5.159e-06	4.957e-06	5.111e-06	5.075e-06	5.179e-06	4.826e-06	4.701e-06	4.197e-06	4.701e-06	4.622e-06	4.589e-06	5.143e-06	5.181e-06	5.301e-06
21.56	5.194e-06	5.183e-06	5.172e-06	5.233e-06	5.066e-06	5.121e-06	5.159e-06	4.957e-06	5.111e-06	5.075e-06	5.179e-06	4.826e-06	4.701e-06	4.197e-06	4.701e-06	4.622e-06	4.589e-06	5.143e-06	5.181e-06	5.301e-06
21.58	5.194e-06	5.183e-06	5.172e-06	5.233e-06	5.066e-06	5.121e-06	5.159e-06	4.957e-06	5.111e-06	5.075e-06	5.179e-06	4.826e-06	4.701e-06	4.197e-06	4.701e-06	4.622e-06	4.589e-06	5.143e-06	5.181e-06	5.301e-06
21.6	5.194e-06	5.183e-06	5.172e-06	5.233e-06	5.066e-06	5.121e-06	5.159e-06	4.957e-06	5.111e-06	5.075e-06	5.179e-06	4.826e-06	4.701e-06	4.197e-06	4.701e-06	4.622e-06	4.589e-06	5.143e-06	5.181e-06	5.301e-06
21.62	5.194e-06	5.183e-06	5.172e-06	5.233e-06	5.066e-06	5.121e-06	5.159e-06	4.957e-06	5.111e-06	5.075e-06	5.179e-06	4.826e-06	4.701e-06	4.197e-06	4.701e-06	4.622e-06	4.589e-06	5.143e-06	5.181e-06	5.301e-06
21.64	5.194e-06	5.183e-06	5.172e-06	5.233e-06	5.066e-06	5.121e-06	5.159e-06	4.957e-06	5.111e-06	5.075e-06	5.179e-06	4.826e-06	4.701e-06	4.197e-06	4.701e-06	4.622e-06	4.589e-06	5.143e-06	5.181e-06	5.301e-06
21.66	5.194e-06	5.183e-06	5.172e-06	5.233e-06	5.066e-06	5.121e-06	5.159e-06	4.957e-06	5.111e-06	5.075e-06	5.179e-06	4.826e-06	4.701e-06	4.197e-06	4.701e-06	4.622e-06	4.589e-06	5.143e-06	5.181e-06	5.301e-06
21.68	5.194e-06	5.183e-06	5.172e-06	5.233e-06	5.066e-06	5.121e-06	5.159e-06	4.957e-06	5.111e-06	5.075e-06	5.179e-06	4.826e-06	4.701e-06	4.197e-06	4.701e-06	4.622e-06	4.589e-06	5.143e-06	5.181e-06	5.301e-06
21.7	5.142e-06	5.153e-06	5.168e-06	5.28e-06	5.09e-06	5.21e-06	5.135e-06	4.912e-06	5.04e-06	5.052e-06	5.138e-06	4.759e-06	4.632e-06	4.193e-06	4.633e-06	4.65e-06	4.596e-06	5.072e-06	5.065e-06	5.305e-06
21.72	5.142e-06	5.153e-06	5.168e-06	5.28e-06	5.09e-06	5.21e-06	5.135e-06	4.912e-06	5.04e-06	5.052e-06	5.138e-06	4.759e-06	4.632e-06	4.193e-06	4.633e-06	4.65e-06	4.596e-06	5.072e-06	5.065e-06	5.305e-06
21.74	5.142e-06	5.153e-06	5.168e-06	5.28e-06	5.09e-06	5.21e-06	5.135e-06	4.912e-06	5.04e-06	5.052e-06	5.138e-06	4.759e-06	4.632e-06	4.193e-06	4.633e-06	4.65e-06	4.596e-06	5.072e-06	5.065e-06	5.305e-06
21.76	5.142e-06	5.153e-06	5.168e-06	5.28e-06	5.09e-06	5.21e-06	5.135e-06	4.912e-06	5.04e-06	5.052e-06	5.138e-06	4.759e-06	4.632e-06	4.193e-06	4.633e-06	4.65e-06	4.596e-06	5.072e-06	5.065e-06	5.305e-06
21.78	5.142e-06	5.153e-06	5.168e-06	5.28e-06	5.09e-06	5.21e-06	5.135e-06	4.912e-06	5.04e-06	5.052e-06	5.138e-06	4.759e-06	4.632e-06	4.193e-06	4.633e-06	4.65e-06	4.596e-06	5.072e-06	5.065e-06	5.305e-06
21.8	5.142e-06	5.153e-06	5.168e-06	5.28e-06	5.09e-06	5.21e-06	5.135e-06	4.912e-06	5.04e-06	5.052e-06	5.138e-06	4.759e-06	4.632e-06	4.193e-06	4.633e-06	4.65e-06	4.596e-06	5.072e-06	5.065e-06	5.305e-06
21.82	5.142e-06	5.153e-06	5.168e-06	5.28e-06	5.09e-06	5.21e-06	5.135e-06	4.912e-06	5.04e-06	5.052e-06	5.138e-06	4.759e-06	4.632e-06	4.193e-06	4.633e-06	4.65e-06	4.596e-06	5.072e-06	5.065e-06	5.305e-06
21.84	5.142e-06	5.153e-06	5.168e-06	5.28e-06	5.09e-06	5.21e-06	5.135e-06	4.912e-06	5.04e-06	5.052e-06	5.138e-06	4.759e-06	4.632e-06	4.193e-06	4.633e-06	4.65e-06	4.596e-06	5.072e-06	5.065e-06	5.305e-06
21.86	5.142e-06	5.153e-06	5.168e-06	5.28e-06	5.09e-06	5.21e-06	5.135e-06	4.912e-06	5.04e-06	5.052e-06	5.138e-06	4.759e-06	4.632e-06	4.193e-06	4.633e-06	4.65e-06	4.596e-06	5.072e-06	5.065e-06	5.305e-06
21.88	5.142e-06	5.153e-06	5.168e-06	5.28e-06	5.09e-06	5.21e-06	5.135e-06	4.912e-06	5.04e-06	5.052e-06	5.138e-06	4.759e-06	4.632e-06	4.193e-06	4.633e-06	4.65e-06	4.596e-06	5.072e-06	5.065e-06	5.305e-06
21.9	5.229e-06	5.141e-06	5.144e-06	5.28e-06	5.054e-06	5.171e-06	5.155e-06	4.835e-06	5.015e-06	5.015e-06	5.099e-06	4.896e-06	4.639e-06	4.155e-06	4.653e-06	4.726e-06	4.646e-06	5.05e-06	5.013e-06	5.36e-06
21.92	5.229e-06	5.141e-06	5.144e-06	5.28e-06	5.054e-06	5.171e-06	5.155e-06	4.835e-06	5.015e-06	5.015e-06	5.099e-06	4.896e-06	4.639e-06	4.155e-06	4.653e-06	4.726e-06	4.646e-06	5.05e-06	5.013e-06	5.36e-06
21.94	5.229e-06	5.141e-06	5.144e-06	5.28e-06	5.054e-06	5.171e-06	5.155e-06	4.835e-06	5.015e-06	5.015e-06	5.099e-06	4.896e-06	4.639e-06	4.155e-06	4.653e-06	4.726e-06	4.646e-06	5.05e-06	5.013e-06	5.36e-06
21.96	5.229e-06	5.141e-06	5.144e-06	5.28e-06	5.054e-06	5.171e-06	5.155e-06	4.835e-06	5.015e-06	5.015e-06	5.099e-06	4.896e-06	4.639e-06	4.155e-06	4.653e-06	4.726e-06	4.646e-06	5.05e-06	5.013e-06	5.36e-06
21.98	5.229e-06	5.141e-06	5.144e-06	5.28e-06	5.054e-06	5.171e-06	5.155e-06	4.835e-06	5.015e-06	5.015e-06	5.099e-06	4.896e-06	4.639e-06	4.155e-06	4.653e-06	4.726e-06	4.646e-06	5.05e-06	5.013e-06	5.36e-06
22	5.229e-06	5.141e-06	5.144e-06	5.28e-06	5.054e-06	5.171e-06	5.155e-06	4.835e-06	5.015e-06	5.015e-06	5.099e-06	4.896e-06	4.639e-06	4.155e-06	4.653e-06	4.726e-06	4.646e-06	5.05e-06	5.013e-06	5.36e-06
22.02	5.229e-06	5.141e-06	5.144e-06	5.28e-06	5.054e-06	5.171e-06	5.155e-06	4.835e-06	5.015e-06	5.015e-06	5.099e-06	4.896e-06	4.639e-06	4.155e-06	4.653e-06	4.726e-06	4.646e-06	5.05e-06	5.013e-06	5.36e-06
22.04	5.229e-06	5.141e-06	5.144e-06	5.28e-06	5.054e-06	5.171e-06	5.155e-06	4.835e-06	5.015e-06	5.015e-06	5.099e-06	4.896e-06	4.639e-06	4.155e-06	4.653e-06	4.726e-06	4.646e-06	5.05e-06	5.013e-06	5.36e-06
22.06	5.229e-06	5.141e-06	5.144e-06	5.28e-06	5.054e-06	5.171e-06	5.155e-06	4.835e-06	5.015e-06	5.015e-06	5.099e-06	4.896e-06	4.639e-06	4.155e-06	4.653e-06	4.726e-06	4.646e-06	5.05e-06	5.013e-06	5.36e-06
22.08	5.229e-06	5.141e-06	5.144e-06	5.28e-06	5.054e-06	5.171e-06	5.155e-06	4.835e-06	5.015e-06	5.015e-06	5.099e-06	4.896e-06	4.639e-06	4.155e-06	4.653e-06	4.726e-06	4.646e-06	5.05e-06	5.013e-06	5.36e-06
22.1	5.192e-06	5.107e-06	5.111e-06	5.215e-06	4.986e-06	5.172e-06	5.095e-06	4.865e-06	5.166e-06	5.026e-06	5.08e-06	4.937e-06	4.656e-06	4.156e-06	4.605e-06	4.727e-06	4.72e-06	5.102e-06	5.13e-06	5.309e-06
22.12	5.192e-06	5.107e-06	5.111e-06	5.215e-06	4.986e-06	5.172e-06	5.095e-06	4.865e-06	5.166e-06	5.026e-06	5.08e-06	4.937e-06	4.656e-06	4.156e-06	4.605e-06	4.727e-06	4.72e-06	5.102e-06	5.13e-06	5.309e-06
22.14	5.192e-06	5.107e-06	5.111e-06	5.215e-06	4.986e-06	5.172e-06	5.095e-06	4.865e-06	5.166e-06	5.026e-06	5.08e-06	4.937e-06	4.656e-06	4.156e-06	4.605e-06	4.727e-06	4.72e-06	5.102e-06	5.13e-06	5.309e-06
22.16	5.192e-06	5.107e-06	5.111e-06	5.215e-06	4.986e-06	5.172e-06	5.095e-06	4.865e-06	5.166e-06	5.026e-06	5.08e-06	4.937e-06	4.656e-06	4.156e-06	4.605e-06	4.727e-06	4.72e-06	5.102e-06	5.13e-06	5.309e-06
22.18	5.192e-06	5.107e-06	5.111e-06	5.215e-06	4.986e-06	5.172e-06	5.095e-06	4.865e-06	5.166e-06	5.026e-06	5.08e-06	4.937e-06	4.656e-06	4.156e-06	4.605e-06	4.727e-06	4.72e-06	5.102e-06	5.13e-06	5.309e-06
22.2	5.192e-06	5.107e-06	5.111e-06	5.215e-06	4.986e-06	5.172e-06	5.095e-06	4.865e-06	5.166e-06	5.026e-06	5.08e-06	4.937e-06	4.656e-06	4.156e-06	4.605e-06	4.727e-06	4.72e-06	5.102e-06	5.13e-06	5.309e-06
22.22	5.192e-06	5.107e-06	5.111e-06	5.215e-06	4.986e-06	5.172e-06	5.095e-06	4.865e-06	5.166e-06	5.026e-06	5.08e-06	4.937e-06	4.656e-06	4.156e-06	4.605e-06	4.727e-06	4.72e-06	5.102e-06	5.13e-06	5.309e-06
22.24	5.192e-06	5.107e-06	5.111e-06	5.215e-06	4.986e-06	5.172e-06	5.095e-06	4.865e-06	5.166e-06	5.026e-06	5.08e-06	4.937e-06	4.656e-06	4.156e-06	4.605e-06	4.727e-06	4.72e-06	5.102e-06	5.13e-06	5.309e-06
22.26	5.192e-06	5.107e-06	5.111e-06	5.215e-06	4.986e-06	5.172e-06	5.095e-06	4.865e-06	5.166e-06	5.026e-06	5.08e-06	4.937e-06	4.656e-06	4.156e-06	4.605e-06	4.727e-06	4.72e-06	5.102e-06	5.13e-06	5.309e-06
22.28	5.192e-06	5.107e-06	5.111e-06	5.215e-06	4.986e-06	5.172e-06	5.095e-06	4.865e-06	5.166e-06	5.026e-06	5.08e-06	4.937e-06	4.656e-06	4.156e-06	4.605e-06	4.727e-06	4.72e-06	5.102e-06	5.13e-06	5.309e-06
22.3	5.25e-06	5.118e-06	5.097e-06	5.218e-06	4.965e-06	5.143e-06	5.115e-06	4.912e-06	5.223e-06	4.991e-06	5.081e-06	4.933e-06	4.653e-06	4.155e-06	4.606e-06	4.678e-06	4.73e-06	5.088e-06	5.069e-06	5.316e-06
22.32	5.25e-06	5.118e-06	5.097e-06	5.218e-06	4.965e-06	5.143e-06	5.115e-06	4.912e-06	5.223e-06	4.991e-06	5.081e-06	4.933e-06	4.653e-06	4.155e-06	4.606e-06	4.678e-06	4.73e-06	5.088e-06	5.069e-06	5.316e-06
22.34	5.25e-06	5.118e-06	5.097e-06	5.218e-06	4.965e-06	5.143e-06	5.115e-06	4.912e-06	5.223e-06	4.991e-06	5.081e-06	4.933e-06	4.653e-06	4.155e-06	4.606e-06	4.678e-06	4.73e-06	5.088e-06	5.069e-06	5.316e-06
22.36	5.25e-06	5.118e-06	5.097e-06	5.218e-06	4.965e-06	5.143e-06	5.115e-06	4.912e-06	5.223e-06	4.991e-06	5.081e-06	4.933e-06	4.653e-06	4.155e-06	4.606e-06	4.678e-06	4.73e-06	5.088e-06	5.069e-06	5.316e-06
22.38	5.25e-06	5.118e-06	5.097e-06	5.218e-06	4.965e-06	5.143e-06	5.115e-06	4.912e-06	5.223e-06	4.991e-06	5.081e-06	4.933e-06	4.653e-06	4.155e-06	4.606e-06	4.678e-06	4.73e-06	5.088e-06	5.069e-06	5.316e-06
22.4	5.25e-06	5.118e-06	5.097e-06	5.218e-06	4.965e-06	5.143e-06	5.115e-06	4.912e-06	5.223e-06	4.991e-06	5.081e-06	4.933e-06	4.653e-06	4.155e-06	4.606e-06	4.678e-06	4.73e-06	5.088e-06	5.069e-06	5.316e-06
22.42	5.25e-06	5.118e-06	5.097e-06	5.218e-06	4.965e-06	5.143e-06	5.115e-06	4.912e-06	5.223e-06	4.991e-06	5.081e-06	4.933e-06	4.653e-06	4.155e-06	4.606e-06	4.678e-06	4.73e-06	5.088e-06	5.069e-06	5.316e-06
22.44	5.25e-06	5.118e-06	5.097e-06	5.218e-06	4.965e-06	5.143e-06	5.115e-06	4.912e-06	5.223e-06	4.991e-06	5.081e-06	4.933e-06	4.653e-06	4.155e-06	4.606e-06	4.678e-06	4.73e-06	5.088e-06	5.069e-06	5.316e-06
22.46	5.25e-06	5.118e-06	5.097e-06	5.218e-06	4.965e-06	5.143e-06	5.115e-06	4.912e-06	5.223e-06	4.991e-06	5.081e-06	4.933e-06	4.653e-06	4.155e-06	4.606e-06	4.678e-06	4.73e-06	5.088e-06	5.069e-06	5.316e-06
22.48	5.25e-06	5.118e-06	5.097e-06	5.218e-06	4.965e-06	5.143e-06	5.115e-06	4.912e-06	5.223e-06	4.991e-06	5.081e-06	4.933e-06	4.653e-06	4.155e-06	4.606e-06	4.678e-06	4.73e-06	5.088e-06	5.069e-06	5.316e-06
22.5	5.238e-06	5.154e-06	5.074e-06	5.202e-06	5.058e-06	5.167e-06	5.184e-06	4.879e-06	5.274e-06	4.981e-06	5.167e-06	4.9e-06	4.655e-06	4.181e-06	4.622e-06	4.697e-06	4.627e-06	5.1e-06	5.198e-06	5.258e-06
22.52	5.238e-06	5.154e-06	5.074e-06	5.202e-06	5.058e-06	5.167e-06	5.184e-06	4.879e-06	5.274e-06	4.981e-06	5.167e-06	4.9e-06	4.655e-06	4.181e-06	4.622e-06	4.697e-06	4.627e-06	5.1e-06	5.198e-06	5.258e-06
22.54	5.238e-06	5.154e-06	5.074e-06	5.202e-06	5.058e-06	5.167e-06	5.184e-06	4.879e-06	5.274e-06	4.981e-06	5.167e-06	4.9e-06	4.655e-06	4.181e-06	4.622e-06	4.697e-06	4.627e-06	5.1e-06	5.198e-06	5.258e-06
22.56	5.238e-06	5.154e-06	5.074e-06	5.202e-06	5.058e-06	5.167e-06	5.184e-06	4.879e-06	5.274e-06	4.981e-06	5.167e-06	4.9e-06	4.655e-06	4.181e-06	4.622e-06	4.697e-06	4.627e-06	5.1e-06	5.198e-06	5.258e-06
22.58	5.238e-06	5.154e-06	5.074e-06	5.202e-06	5.058e-06	5.167e-06	5.184e-06	4.879e-06	5.274e-06	4.981e-06	5.167e-06	4.9e-06	4.655e-06	4.181e-06	4.622e-06	4.697e-06	4.627e-06	5.1e-06	5.198e-06	5.258e-06
22.6	5.238e-06	5.154e-06	5.074e-06	5.202e-06	5.058e-06	5.167e-06	5.184e-06	4.879e-06	5.274e-06	4.981e-06	5.167e-06	4.9e-06	4.655e-06	4.181e-06	4.622e-06	4.697e-06	4.627e-06	5.1e-06	5.198e-06	5.258e-06
22.62	5.238e-06	5.154e-06	5.074e-06	5.202e-06	5.058e-06	5.167e-06	5.184e-06	4.879e-06	5.274e-06	4.981e-06	5.167e-06	4.9e-06	4.655e-06	4.181e-06	4.622e-06	4.697e-06	4.627e-06	5.1e-06	5.198e-06	5.258e-06
22.64	5.238e-06	5.154e-06	5.074e-06	5.202e-06	5.058e-06	5.167e-06	5.184e-06	4.879e-06	5.274e-06	4.981e-06	5.167e-06	4.9e-06	4.655e-06	4.181e-06	4.622e-06	4.697e-06	4.627e-06	5.1e-06	5.198e-06	5.258e-06
22.66	5.238e-06	5.154e-06	5.074e-06	5.202e-06	5.058e-06	5.167e-06	5.184e-06	4.879e-06	5.274e-06	4.981e-06	5.167e-06	4.9e-06	4.655e-06	4.181e-06	4.622e-06	4.697e-06	4.627e-06	5.1e-06	5.198e-06	5.258e-06
22.68	5.238e-06	5.154e-06	5.074e-06	5.202e-06	5.058e-06	5.167e-06	5.184e-06	4.879e-06	5.274e-06	4.981e-06	5.167e-06	4.9e-06	4.655e-06	4.181e-06	4.622e-06	4.697e-06	4.627e-06	5.1e-06	5.198e-06	5.258e-06
22.7	5.282e-06	5.184e-06	5.087e-06	5.193e-06	5.054e-06	5.09e-06	5.163e-06	5.027e-06	5.23e-06	4.98e-06	5.167e-06	4.907e-06	4.604e-06	4.139e-06	4.546e-06	4.704e-06	4.656e-06	5.061e-06	5.193e-06	5.233e-06
22.72	5.282e-06	5.184e-06	5.087e-06	5.193e-06	5.054e-06	5.09e-06	5.163e-06	5.027e-06	5.23e-06	4.98e-06	5.167e-06	4.907e-06	4.604e-06	4.139e-06	4.546e-06	4.704e-06	4.656e-06	5.061e-06	5.193e-06	5.233e-06
22.74	5.282e-06	5.184e-06	5.087e-06	5.193e-06	5.054e-06	5.09e-06	5.163e-06	5.027e-06	5.23e-06	4.98e-06	5.167e-06	4.907e-06	4.604e-06	4.139e-06	4.546e-06	4.704e-06	4.656e-06	5.061e-06	5.193e-06	5.233e-06
22.76	5.282e-06	5.184e-06	5.087e-06	5.193e-06	5.054e-06	5.09e-06	5.163e-06	5.027e-06	5.23e-06	4.98e-06	5.167e-06	4.907e-06	4.604e-06	4.139e-06	4.546e-06	4.704e-06	4.656e-06	5.061e-06	5.193e-06	5.233e-06
22.78	5.282e-06	5.184e-06	5.087e-06	5.193e-06	5.054e-06	5.09e-06	5.163e-06	5.027e-06	5.23e-06	4.98e-06	5.167e-06	4.907e-06	4.604e-06	4.139e-06	4.546e-06	4.704e-06	4.656e-06	5.061e-06	5.193e-06	5.233e-06
22.8	5.282e-06	5.184e-06	5.087e-06	5.193e-06	5.054e-06	5.09e-06	5.163e-06	5.027e-06	5.23e-06	4.98e-06	5.167e-06	4.907e-06	4.604e-06	4.139e-06	4.546e-06	4.704e-06	4.656e-06	5.061e-06	5.193e-06	5.233e-06
22.82	5.282e-06	5.184e-06	5.087e-06	5.193e-06	5.054e-06	5.09e-06	5.163e-06	5.027e-06	5.23e-06	4.98e-06	5.167e-06	4.907e-06	4.604e-06	4.139e-06	4.546e-06	4.704e-06	4.656e-06	5.061e-06	5.193e-06	5.233e-06
22.84	5.282e-06	5.184e-06	5.087e-06	5.193e-06	5.054e-06	5.09e-06	5.163e-06	5.027e-06	5.23e-06	4.98e-06	5.167e-06	4.907e-06	4.604e-06	4.139e-06	4.546e-06	4.704e-06	4.656e-06	5.061e-06	5.193e-06	5.233e-06
22.86	5.282e-06	5.184e-06	5.087e-06	5.193e-06	5.054e-06	5.09e-06	5.163e-06	5.027e-06	5.23e-06	4.98e-06	5.167e-06	4.907e-06	4.604e-06	4.139e-06	4.546e-06	4.704e-06	4.656e-06	5.061e-06	5.193e-06	5.233e-06
22.88	5.282e-06	5.184e-06	5.087e-06	5.193e-06	5.054e-06	5.09e-06	5.163e-06	5.027e-06	5.23e-06	4.98e-06	5.167e-06	4.907e-06	4.604e-06	4.139e-06	4.546e-06	4.704e-06	4.656e-06	5.061e-06	5.193e-06	5.233e-06
22.9	5.27e-06	5.193e-06	5.028e-06	5.126e-06	5.018e-06	5.04e-06	5.087e-06	4.996e-06	5.217e-06	5.119e-06	5.177e-06	4.88e-06	4.611e-06	4.202e-06	4.609e-06	4.693e-06	4.642e-06	5.038e-06	5.155e-06	5.208e-06
22.92	5.27e-06	5.193e-06	5.028e-06	5.126e-06	5.018e-06	5.04e-06	5.087e-06	4.996e-06	5.217e-06	5.119e-06	5.177e-06	4.88e-06	4.611e-06	4.202e-06	4.609e-06	4.693e-06	4.642e-06	5.038e-06	5.155e-06	5.208e-06
22.94	5.27e-06	5.193e-06	5.028e-06	5.126e-06	5.018e-06	5.04e-06	5.087e-06	4.996e-06	5.217e-06	5.119e-06	5.177e-06	4.88e-06	4.611e-06	4.202e-06	4.609e-06	4.693e-06	4.642e-06	5.038e-06	5.155e-06	5.208e-06
22.96	5.27e-06	5.193e-06	5.028e-06	5.126e-06	5.018e-06	5.04e-06	5.087e-06	4.996e-06	5.217e-06	5.119e-06	5.177e-06	4.88e-06	4.611e-06	4.202e-06	4.609e-06	4.693e-06	4.642e-06	5.038e-06	5.155e-06	5.208e-06
22.98	5.27e-06	5.193e-06	5.028e-06	5.126e-06	5.018e-06	5.04e-06	5.087e-06	4.996e-06	5.217e-06	5.119e-06	5.177e-06	4.88e-06	4.611e-06	4.202e-06	4.609e-06	4.693e-06	4.642e-06	5.038e-06	5.155e-06	5.208e-06
23	5.27e-06	5.193e-06	5.028e-06	5.126e-06	5.018e-06	5.04e-06	5.087e-06	4.996e-06	5.217e-06	5.119e-06	5.177e-06	4.88e-06	4.611e-06	4.202e-06	4.609e-06	4.693e-06	4.642e-06	5.038e-06	5.155e-06	5.208e-06
23.02	5.27e-06	5.193e-06	5.028e-06	5.126e-06	5.018e-06	5.04e-06	5.087e-06	4.996e-06	5.217e-06	5.119e-06	5.177e-06	4.88e-06	4.611e-06	4.202e-06	4.609e-06	4.693e-06	4.642e-06	5.038e-06	5.155e-06	5.208e-06
23.04	5.27e-06	5.193e-06	5.028e-06	5.126e-06	5.018e-06	5.04e-06	5.087e-06	4.996e-06	5.217e-06	5.119e-06	5.177e-06	4.88e-06	4.611e-06	4.202e-06	4.609e-06	4.693e-06	4.642e-06	5.038e-06	5.155e-06	5.208e-06
23.06	5.27e-06	5.193e-06	5.028e-06	5.126e-06	5.018e-06	5.04e-06	5.087e-06	4.996e-06	5.217e-06	5.119e-06	5.177e-06	4.88e-06	4.611e-06	4.202e-06	4.609e-06	4.693e-06	4.642e-06	5.038e-06	5.155e-06	5.208e-06
23.08	5.27e-06	5.193e-06	5.028e-06	5.126e-06	5.018e-06	5.04e-06	5.087e-06	4.996e-06	5.217e-06	5.119e-06	5.177e-06	4.88e-06	4.611e-06	4.202e-06	4.609e-06	4.693e-06	4.642e-06	5.038e-06	5.155e-06	5.208e-06
23.1	5.271e-06	5.174e-06	4.996e-06	5.142e-06	5.024e-06	5.062e-06	5.084e-06	4.944e-06	5.181e-06	5.148e-06	5.13e-06	4.836e-06	4.541e-06	4.227e-06	4.638e-06	4.688e-06	4.589e-06	4.956e-06	5.15e-06	5.127e-06
