# SCAN started at: 2018-05-22 14:29:00
# Elen_Scan Mass: 20.6 Resolution: 30
# ----------------------------------------
# 
18.1	6.443e-06	6.337e-06	6.229e-06	6.486e-06	6.296e-06	6.483e-06	6.487e-06	6.324e-06	6.195e-06	6.019e-06	6.087e-06	5.857e-06	5.555e-06	5.666e-06	5.607e-06	5.736e-06	6.304e-06	6.176e-06	6.145e-06	6.034e-06
18.12	6.443e-06	6.337e-06	6.229e-06	6.486e-06	6.296e-06	6.483e-06	6.487e-06	6.324e-06	6.195e-06	6.019e-06	6.087e-06	5.857e-06	5.555e-06	5.666e-06	5.607e-06	5.736e-06	6.304e-06	6.176e-06	6.145e-06	6.034e-06
18.14	6.443e-06	6.337e-06	6.229e-06	6.486e-06	6.296e-06	6.483e-06	6.487e-06	6.324e-06	6.195e-06	6.019e-06	6.087e-06	5.857e-06	5.555e-06	5.666e-06	5.607e-06	5.736e-06	6.304e-06	6.176e-06	6.145e-06	6.034e-06
18.16	6.443e-06	6.337e-06	6.229e-06	6.486e-06	6.296e-06	6.483e-06	6.487e-06	6.324e-06	6.195e-06	6.019e-06	6.087e-06	5.857e-06	5.555e-06	5.666e-06	5.607e-06	5.736e-06	6.304e-06	6.176e-06	6.145e-06	6.034e-06
18.18	6.443e-06	6.337e-06	6.229e-06	6.486e-06	6.296e-06	6.483e-06	6.487e-06	6.324e-06	6.195e-06	6.019e-06	6.087e-06	5.857e-06	5.555e-06	5.666e-06	5.607e-06	5.736e-06	6.304e-06	6.176e-06	6.145e-06	6.034e-06
18.2	6.443e-06	6.337e-06	6.229e-06	6.486e-06	6.296e-06	6.483e-06	6.487e-06	6.324e-06	6.195e-06	6.019e-06	6.087e-06	5.857e-06	5.555e-06	5.666e-06	5.607e-06	5.736e-06	6.304e-06	6.176e-06	6.145e-06	6.034e-06
18.22	6.443e-06	6.337e-06	6.229e-06	6.486e-06	6.296e-06	6.483e-06	6.487e-06	6.324e-06	6.195e-06	6.019e-06	6.087e-06	5.857e-06	5.555e-06	5.666e-06	5.607e-06	5.736e-06	6.304e-06	6.176e-06	6.145e-06	6.034e-06
18.24	6.443e-06	6.337e-06	6.229e-06	6.486e-06	6.296e-06	6.483e-06	6.487e-06	6.324e-06	6.195e-06	6.019e-06	6.087e-06	5.857e-06	5.555e-06	5.666e-06	5.607e-06	5.736e-06	6.304e-06	6.176e-06	6.145e-06	6.034e-06
18.26	6.443e-06	6.337e-06	6.229e-06	6.486e-06	6.296e-06	6.483e-06	6.487e-06	6.324e-06	6.195e-06	6.019e-06	6.087e-06	5.857e-06	5.555e-06	5.666e-06	5.607e-06	5.736e-06	6.304e-06	6.176e-06	6.145e-06	6.034e-06
18.28	6.443e-06	6.337e-06	6.229e-06	6.486e-06	6.296e-06	6.483e-06	6.487e-06	6.324e-06	6.195e-06	6.019e-06	6.087e-06	5.857e-06	5.555e-06	5.666e-06	5.607e-06	5.736e-06	6.304e-06	6.176e-06	6.145e-06	6.034e-06
18.3	6.418e-06	6.296e-06	6.387e-06	6.444e-06	6.307e-06	6.496e-06	6.482e-06	6.384e-06	6.173e-06	5.989e-06	6.057e-06	5.762e-06	5.618e-06	5.673e-06	5.715e-06	6.414e-06	6.348e-06	6.262e-06	6.131e-06	5.981e-06
18.32	6.418e-06	6.296e-06	6.387e-06	6.444e-06	6.307e-06	6.496e-06	6.482e-06	6.384e-06	6.173e-06	5.989e-06	6.057e-06	5.762e-06	5.618e-06	5.673e-06	5.715e-06	6.414e-06	6.348e-06	6.262e-06	6.131e-06	5.981e-06
18.34	6.418e-06	6.296e-06	6.387e-06	6.444e-06	6.307e-06	6.496e-06	6.482e-06	6.384e-06	6.173e-06	5.989e-06	6.057e-06	5.762e-06	5.618e-06	5.673e-06	5.715e-06	6.414e-06	6.348e-06	6.262e-06	6.131e-06	5.981e-06
18.36	6.418e-06	6.296e-06	6.387e-06	6.444e-06	6.307e-06	6.496e-06	6.482e-06	6.384e-06	6.173e-06	5.989e-06	6.057e-06	5.762e-06	5.618e-06	5.673e-06	5.715e-06	6.414e-06	6.348e-06	6.262e-06	6.131e-06	5.981e-06
18.38	6.418e-06	6.296e-06	6.387e-06	6.444e-06	6.307e-06	6.496e-06	6.482e-06	6.384e-06	6.173e-06	5.989e-06	6.057e-06	5.762e-06	5.618e-06	5.673e-06	5.715e-06	6.414e-06	6.348e-06	6.262e-06	6.131e-06	5.981e-06
18.4	6.418e-06	6.296e-06	6.387e-06	6.444e-06	6.307e-06	6.496e-06	6.482e-06	6.384e-06	6.173e-06	5.989e-06	6.057e-06	5.762e-06	5.618e-06	5.673e-06	5.715e-06	6.414e-06	6.348e-06	6.262e-06	6.131e-06	5.981e-06
18.42	6.418e-06	6.296e-06	6.387e-06	6.444e-06	6.307e-06	6.496e-06	6.482e-06	6.384e-06	6.173e-06	5.989e-06	6.057e-06	5.762e-06	5.618e-06	5.673e-06	5.715e-06	6.414e-06	6.348e-06	6.262e-06	6.131e-06	5.981e-06
18.44	6.418e-06	6.296e-06	6.387e-06	6.444e-06	6.307e-06	6.496e-06	6.482e-06	6.384e-06	6.173e-06	5.989e-06	6.057e-06	5.762e-06	5.618e-06	5.673e-06	5.715e-06	6.414e-06	6.348e-06	6.262e-06	6.131e-06	5.981e-06
18.46	6.418e-06	6.296e-06	6.387e-06	6.444e-06	6.307e-06	6.496e-06	6.482e-06	6.384e-06	6.173e-06	5.989e-06	6.057e-06	5.762e-06	5.618e-06	5.673e-06	5.715e-06	6.414e-06	6.348e-06	6.262e-06	6.131e-06	5.981e-06
18.48	6.418e-06	6.296e-06	6.387e-06	6.444e-06	6.307e-06	6.496e-06	6.482e-06	6.384e-06	6.173e-06	5.989e-06	6.057e-06	5.762e-06	5.618e-06	5.673e-06	5.715e-06	6.414e-06	6.348e-06	6.262e-06	6.131e-06	5.981e-06
18.5	6.401e-06	6.32e-06	6.419e-06	6.429e-06	6.279e-06	6.455e-06	6.452e-06	6.344e-06	6.062e-06	6.009e-06	6.024e-06	5.715e-06	5.615e-06	5.652e-06	5.715e-06	6.37e-06	6.311e-06	6.26e-06	6.132e-06	5.944e-06
18.52	6.401e-06	6.32e-06	6.419e-06	6.429e-06	6.279e-06	6.455e-06	6.452e-06	6.344e-06	6.062e-06	6.009e-06	6.024e-06	5.715e-06	5.615e-06	5.652e-06	5.715e-06	6.37e-06	6.311e-06	6.26e-06	6.132e-06	5.944e-06
18.54	6.401e-06	6.32e-06	6.419e-06	6.429e-06	6.279e-06	6.455e-06	6.452e-06	6.344e-06	6.062e-06	6.009e-06	6.024e-06	5.715e-06	5.615e-06	5.652e-06	5.715e-06	6.37e-06	6.311e-06	6.26e-06	6.132e-06	5.944e-06
18.56	6.401e-06	6.32e-06	6.419e-06	6.429e-06	6.279e-06	6.455e-06	6.452e-06	6.344e-06	6.062e-06	6.009e-06	6.024e-06	5.715e-06	5.615e-06	5.652e-06	5.715e-06	6.37e-06	6.311e-06	6.26e-06	6.132e-06	5.944e-06
18.58	6.401e-06	6.32e-06	6.419e-06	6.429e-06	6.279e-06	6.455e-06	6.452e-06	6.344e-06	6.062e-06	6.009e-06	6.024e-06	5.715e-06	5.615e-06	5.652e-06	5.715e-06	6.37e-06	6.311e-06	6.26e-06	6.132e-06	5.944e-06
18.6	6.401e-06	6.32e-06	6.419e-06	6.429e-06	6.279e-06	6.455e-06	6.452e-06	6.344e-06	6.062e-06	6.009e-06	6.024e-06	5.715e-06	5.615e-06	5.652e-06	5.715e-06	6.37e-06	6.311e-06	6.26e-06	6.132e-06	5.944e-06
18.62	6.401e-06	6.32e-06	6.419e-06	6.429e-06	6.279e-06	6.455e-06	6.452e-06	6.344e-06	6.062e-06	6.009e-06	6.024e-06	5.715e-06	5.615e-06	5.652e-06	5.715e-06	6.37e-06	6.311e-06	6.26e-06	6.132e-06	5.944e-06
18.64	6.401e-06	6.32e-06	6.419e-06	6.429e-06	6.279e-06	6.455e-06	6.452e-06	6.344e-06	6.062e-06	6.009e-06	6.024e-06	5.715e-06	5.615e-06	5.652e-06	5.715e-06	6.37e-06	6.311e-06	6.26e-06	6.132e-06	5.944e-06
18.66	6.401e-06	6.32e-06	6.419e-06	6.429e-06	6.279e-06	6.455e-06	6.452e-06	6.344e-06	6.062e-06	6.009e-06	6.024e-06	5.715e-06	5.615e-06	5.652e-06	5.715e-06	6.37e-06	6.311e-06	6.26e-06	6.132e-06	5.944e-06
18.68	6.401e-06	6.32e-06	6.419e-06	6.429e-06	6.279e-06	6.455e-06	6.452e-06	6.344e-06	6.062e-06	6.009e-06	6.024e-06	5.715e-06	5.615e-06	5.652e-06	5.715e-06	6.37e-06	6.311e-06	6.26e-06	6.132e-06	5.944e-06
18.7	6.452e-06	6.313e-06	6.397e-06	6.404e-06	6.31e-06	6.408e-06	6.505e-06	6.376e-06	6.105e-06	5.945e-06	6.015e-06	5.717e-06	5.626e-06	5.678e-06	5.748e-06	6.308e-06	6.353e-06	6.236e-06	6.192e-06	6.081e-06
18.72	6.452e-06	6.313e-06	6.397e-06	6.404e-06	6.31e-06	6.408e-06	6.505e-06	6.376e-06	6.105e-06	5.945e-06	6.015e-06	5.717e-06	5.626e-06	5.678e-06	5.748e-06	6.308e-06	6.353e-06	6.236e-06	6.192e-06	6.081e-06
18.74	6.452e-06	6.313e-06	6.397e-06	6.404e-06	6.31e-06	6.408e-06	6.505e-06	6.376e-06	6.105e-06	5.945e-06	6.015e-06	5.717e-06	5.626e-06	5.678e-06	5.748e-06	6.308e-06	6.353e-06	6.236e-06	6.192e-06	6.081e-06
18.76	6.452e-06	6.313e-06	6.397e-06	6.404e-06	6.31e-06	6.408e-06	6.505e-06	6.376e-06	6.105e-06	5.945e-06	6.015e-06	5.717e-06	5.626e-06	5.678e-06	5.748e-06	6.308e-06	6.353e-06	6.236e-06	6.192e-06	6.081e-06
18.78	6.452e-06	6.313e-06	6.397e-06	6.404e-06	6.31e-06	6.408e-06	6.505e-06	6.376e-06	6.105e-06	5.945e-06	6.015e-06	5.717e-06	5.626e-06	5.678e-06	5.748e-06	6.308e-06	6.353e-06	6.236e-06	6.192e-06	6.081e-06
18.8	6.452e-06	6.313e-06	6.397e-06	6.404e-06	6.31e-06	6.408e-06	6.505e-06	6.376e-06	6.105e-06	5.945e-06	6.015e-06	5.717e-06	5.626e-06	5.678e-06	5.748e-06	6.308e-06	6.353e-06	6.236e-06	6.192e-06	6.081e-06
18.82	6.452e-06	6.313e-06	6.397e-06	6.404e-06	6.31e-06	6.408e-06	6.505e-06	6.376e-06	6.105e-06	5.945e-06	6.015e-06	5.717e-06	5.626e-06	5.678e-06	5.748e-06	6.308e-06	6.353e-06	6.236e-06	6.192e-06	6.081e-06
18.84	6.452e-06	6.313e-06	6.397e-06	6.404e-06	6.31e-06	6.408e-06	6.505e-06	6.376e-06	6.105e-06	5.945e-06	6.015e-06	5.717e-06	5.626e-06	5.678e-06	5.748e-06	6.308e-06	6.353e-06	6.236e-06	6.192e-06	6.081e-06
18.86	6.452e-06	6.313e-06	6.397e-06	6.404e-06	6.31e-06	6.408e-06	6.505e-06	6.376e-06	6.105e-06	5.945e-06	6.015e-06	5.717e-06	5.626e-06	5.678e-06	5.748e-06	6.308e-06	6.353e-06	6.236e-06	6.192e-06	6.081e-06
18.88	6.452e-06	6.313e-06	6.397e-06	6.404e-06	6.31e-06	6.408e-06	6.505e-06	6.376e-06	6.105e-06	5.945e-06	6.015e-06	5.717e-06	5.626e-06	5.678e-06	5.748e-06	6.308e-06	6.353e-06	6.236e-06	6.192e-06	6.081e-06
18.9	6.468e-06	6.364e-06	6.321e-06	6.406e-06	6.248e-06	6.41e-06	6.533e-06	6.411e-06	6.131e-06	5.996e-06	6.001e-06	5.707e-06	5.631e-06	5.64e-06	5.728e-06	6.296e-06	6.302e-06	6.258e-06	6.151e-06	6.037e-06
18.92	6.468e-06	6.364e-06	6.321e-06	6.406e-06	6.248e-06	6.41e-06	6.533e-06	6.411e-06	6.131e-06	5.996e-06	6.001e-06	5.707e-06	5.631e-06	5.64e-06	5.728e-06	6.296e-06	6.302e-06	6.258e-06	6.151e-06	6.037e-06
18.94	6.468e-06	6.364e-06	6.321e-06	6.406e-06	6.248e-06	6.41e-06	6.533e-06	6.411e-06	6.131e-06	5.996e-06	6.001e-06	5.707e-06	5.631e-06	5.64e-06	5.728e-06	6.296e-06	6.302e-06	6.258e-06	6.151e-06	6.037e-06
18.96	6.468e-06	6.364e-06	6.321e-06	6.406e-06	6.248e-06	6.41e-06	6.533e-06	6.411e-06	6.131e-06	5.996e-06	6.001e-06	5.707e-06	5.631e-06	5.64e-06	5.728e-06	6.296e-06	6.302e-06	6.258e-06	6.151e-06	6.037e-06
18.98	6.468e-06	6.364e-06	6.321e-06	6.406e-06	6.248e-06	6.41e-06	6.533e-06	6.411e-06	6.131e-06	5.996e-06	6.001e-06	5.707e-06	5.631e-06	5.64e-06	5.728e-06	6.296e-06	6.302e-06	6.258e-06	6.151e-06	6.037e-06
19	6.468e-06	6.364e-06	6.321e-06	6.406e-06	6.248e-06	6.41e-06	6.533e-06	6.411e-06	6.131e-06	5.996e-06	6.001e-06	5.707e-06	5.631e-06	5.64e-06	5.728e-06	6.296e-06	6.302e-06	6.258e-06	6.151e-06	6.037e-06
19.02	6.468e-06	6.364e-06	6.321e-06	6.406e-06	6.248e-06	6.41e-06	6.533e-06	6.411e-06	6.131e-06	5.996e-06	6.001e-06	5.707e-06	5.631e-06	5.64e-06	5.728e-06	6.296e-06	6.302e-06	6.258e-06	6.151e-06	6.037e-06
19.04	6.468e-06	6.364e-06	6.321e-06	6.406e-06	6.248e-06	6.41e-06	6.533e-06	6.411e-06	6.131e-06	5.996e-06	6.001e-06	5.707e-06	5.631e-06	5.64e-06	5.728e-06	6.296e-06	6.302e-06	6.258e-06	6.151e-06	6.037e-06
19.06	6.468e-06	6.364e-06	6.321e-06	6.406e-06	6.248e-06	6.41e-06	6.533e-06	6.411e-06	6.131e-06	5.996e-06	6.001e-06	5.707e-06	5.631e-06	5.64e-06	5.728e-06	6.296e-06	6.302e-06	6.258e-06	6.151e-06	6.037e-06
19.08	6.468e-06	6.364e-06	6.321e-06	6.406e-06	6.248e-06	6.41e-06	6.533e-06	6.411e-06	6.131e-06	5.996e-06	6.001e-06	5.707e-06	5.631e-06	5.64e-06	5.728e-06	6.296e-06	6.302e-06	6.258e-06	6.151e-06	6.037e-06
19.1	6.491e-06	6.32e-06	6.357e-06	6.432e-06	6.275e-06	6.485e-06	6.477e-06	6.425e-06	6.246e-06	6.042e-06	5.952e-06	5.671e-06	5.594e-06	5.578e-06	5.742e-06	6.241e-06	6.267e-06	6.212e-06	6.178e-06	6.039e-06
19.12	6.491e-06	6.32e-06	6.357e-06	6.432e-06	6.275e-06	6.485e-06	6.477e-06	6.425e-06	6.246e-06	6.042e-06	5.952e-06	5.671e-06	5.594e-06	5.578e-06	5.742e-06	6.241e-06	6.267e-06	6.212e-06	6.178e-06	6.039e-06
19.14	6.491e-06	6.32e-06	6.357e-06	6.432e-06	6.275e-06	6.485e-06	6.477e-06	6.425e-06	6.246e-06	6.042e-06	5.952e-06	5.671e-06	5.594e-06	5.578e-06	5.742e-06	6.241e-06	6.267e-06	6.212e-06	6.178e-06	6.039e-06
19.16	6.491e-06	6.32e-06	6.357e-06	6.432e-06	6.275e-06	6.485e-06	6.477e-06	6.425e-06	6.246e-06	6.042e-06	5.952e-06	5.671e-06	5.594e-06	5.578e-06	5.742e-06	6.241e-06	6.267e-06	6.212e-06	6.178e-06	6.039e-06
19.18	6.491e-06	6.32e-06	6.357e-06	6.432e-06	6.275e-06	6.485e-06	6.477e-06	6.425e-06	6.246e-06	6.042e-06	5.952e-06	5.671e-06	5.594e-06	5.578e-06	5.742e-06	6.241e-06	6.267e-06	6.212e-06	6.178e-06	6.039e-06
19.2	6.491e-06	6.32e-06	6.357e-06	6.432e-06	6.275e-06	6.485e-06	6.477e-06	6.425e-06	6.246e-06	6.042e-06	5.952e-06	5.671e-06	5.594e-06	5.578e-06	5.742e-06	6.241e-06	6.267e-06	6.212e-06	6.178e-06	6.039e-06
19.22	6.491e-06	6.32e-06	6.357e-06	6.432e-06	6.275e-06	6.485e-06	6.477e-06	6.425e-06	6.246e-06	6.042e-06	5.952e-06	5.671e-06	5.594e-06	5.578e-06	5.742e-06	6.241e-06	6.267e-06	6.212e-06	6.178e-06	6.039e-06
19.24	6.491e-06	6.32e-06	6.357e-06	6.432e-06	6.275e-06	6.485e-06	6.477e-06	6.425e-06	6.246e-06	6.042e-06	5.952e-06	5.671e-06	5.594e-06	5.578e-06	5.742e-06	6.241e-06	6.267e-06	6.212e-06	6.178e-06	6.039e-06
19.26	6.491e-06	6.32e-06	6.357e-06	6.432e-06	6.275e-06	6.485e-06	6.477e-06	6.425e-06	6.246e-06	6.042e-06	5.952e-06	5.671e-06	5.594e-06	5.578e-06	5.742e-06	6.241e-06	6.267e-06	6.212e-06	6.178e-06	6.039e-06
19.28	6.491e-06	6.32e-06	6.357e-06	6.432e-06	6.275e-06	6.485e-06	6.477e-06	6.425e-06	6.246e-06	6.042e-06	5.952e-06	5.671e-06	5.594e-06	5.578e-06	5.742e-06	6.241e-06	6.267e-06	6.212e-06	6.178e-06	6.039e-06
19.3	6.45e-06	6.379e-06	6.38e-06	6.439e-06	6.301e-06	6.425e-06	6.527e-06	6.433e-06	6.214e-06	6.028e-06	5.955e-06	5.606e-06	5.607e-06	5.547e-06	5.788e-06	6.255e-06	6.25e-06	6.198e-06	6.142e-06	6.001e-06
19.32	6.45e-06	6.379e-06	6.38e-06	6.439e-06	6.301e-06	6.425e-06	6.527e-06	6.433e-06	6.214e-06	6.028e-06	5.955e-06	5.606e-06	5.607e-06	5.547e-06	5.788e-06	6.255e-06	6.25e-06	6.198e-06	6.142e-06	6.001e-06
19.34	6.45e-06	6.379e-06	6.38e-06	6.439e-06	6.301e-06	6.425e-06	6.527e-06	6.433e-06	6.214e-06	6.028e-06	5.955e-06	5.606e-06	5.607e-06	5.547e-06	5.788e-06	6.255e-06	6.25e-06	6.198e-06	6.142e-06	6.001e-06
19.36	6.45e-06	6.379e-06	6.38e-06	6.439e-06	6.301e-06	6.425e-06	6.527e-06	6.433e-06	6.214e-06	6.028e-06	5.955e-06	5.606e-06	5.607e-06	5.547e-06	5.788e-06	6.255e-06	6.25e-06	6.198e-06	6.142e-06	6.001e-06
19.38	6.45e-06	6.379e-06	6.38e-06	6.439e-06	6.301e-06	6.425e-06	6.527e-06	6.433e-06	6.214e-06	6.028e-06	5.955e-06	5.606e-06	5.607e-06	5.547e-06	5.788e-06	6.255e-06	6.25e-06	6.198e-06	6.142e-06	6.001e-06
19.4	6.45e-06	6.379e-06	6.38e-06	6.439e-06	6.301e-06	6.425e-06	6.527e-06	6.433e-06	6.214e-06	6.028e-06	5.955e-06	5.606e-06	5.607e-06	5.547e-06	5.788e-06	6.255e-06	6.25e-06	6.198e-06	6.142e-06	6.001e-06
19.42	6.45e-06	6.379e-06	6.38e-06	6.439e-06	6.301e-06	6.425e-06	6.527e-06	6.433e-06	6.214e-06	6.028e-06	5.955e-06	5.606e-06	5.607e-06	5.547e-06	5.788e-06	6.255e-06	6.25e-06	6.198e-06	6.142e-06	6.001e-06
19.44	6.45e-06	6.379e-06	6.38e-06	6.439e-06	6.301e-06	6.425e-06	6.527e-06	6.433e-06	6.214e-06	6.028e-06	5.955e-06	5.606e-06	5.607e-06	5.547e-06	5.788e-06	6.255e-06	6.25e-06	6.198e-06	6.142e-06	6.001e-06
19.46	6.45e-06	6.379e-06	6.38e-06	6.439e-06	6.301e-06	6.425e-06	6.527e-06	6.433e-06	6.214e-06	6.028e-06	5.955e-06	5.606e-06	5.607e-06	5.547e-06	5.788e-06	6.255e-06	6.25e-06	6.198e-06	6.142e-06	6.001e-06
19.48	6.45e-06	6.379e-06	6.38e-06	6.439e-06	6.301e-06	6.425e-06	6.527e-06	6.433e-06	6.214e-06	6.028e-06	5.955e-06	5.606e-06	5.607e-06	5.547e-06	5.788e-06	6.255e-06	6.25e-06	6.198e-06	6.142e-06	6.001e-06
19.5	6.491e-06	6.374e-06	6.372e-06	6.375e-06	6.304e-06	6.435e-06	6.543e-06	6.388e-06	6.222e-06	5.996e-06	5.902e-06	5.559e-06	5.636e-06	5.61e-06	5.908e-06	6.176e-06	6.224e-06	6.141e-06	6.147e-06	6.011e-06
19.52	6.491e-06	6.374e-06	6.372e-06	6.375e-06	6.304e-06	6.435e-06	6.543e-06	6.388e-06	6.222e-06	5.996e-06	5.902e-06	5.559e-06	5.636e-06	5.61e-06	5.908e-06	6.176e-06	6.224e-06	6.141e-06	6.147e-06	6.011e-06
19.54	6.491e-06	6.374e-06	6.372e-06	6.375e-06	6.304e-06	6.435e-06	6.543e-06	6.388e-06	6.222e-06	5.996e-06	5.902e-06	5.559e-06	5.636e-06	5.61e-06	5.908e-06	6.176e-06	6.224e-06	6.141e-06	6.147e-06	6.011e-06
19.56	6.491e-06	6.374e-06	6.372e-06	6.375e-06	6.304e-06	6.435e-06	6.543e-06	6.388e-06	6.222e-06	5.996e-06	5.902e-06	5.559e-06	5.636e-06	5.61e-06	5.908e-06	6.176e-06	6.224e-06	6.141e-06	6.147e-06	6.011e-06
19.58	6.491e-06	6.374e-06	6.372e-06	6.375e-06	6.304e-06	6.435e-06	6.543e-06	6.388e-06	6.222e-06	5.996e-06	5.902e-06	5.559e-06	5.636e-06	5.61e-06	5.908e-06	6.176e-06	6.224e-06	6.141e-06	6.147e-06	6.011e-06
19.6	6.491e-06	6.374e-06	6.372e-06	6.375e-06	6.304e-06	6.435e-06	6.543e-06	6.388e-06	6.222e-06	5.996e-06	5.902e-06	5.559e-06	5.636e-06	5.61e-06	5.908e-06	6.176e-06	6.224e-06	6.141e-06	6.147e-06	6.011e-06
19.62	6.491e-06	6.374e-06	6.372e-06	6.375e-06	6.304e-06	6.435e-06	6.543e-06	6.388e-06	6.222e-06	5.996e-06	5.902e-06	5.559e-06	5.636e-06	5.61e-06	5.908e-06	6.176e-06	6.224e-06	6.141e-06	6.147e-06	6.011e-06
19.64	6.491e-06	6.374e-06	6.372e-06	6.375e-06	6.304e-06	6.435e-06	6.543e-06	6.388e-06	6.222e-06	5.996e-06	5.902e-06	5.559e-06	5.636e-06	5.61e-06	5.908e-06	6.176e-06	6.224e-06	6.141e-06	6.147e-06	6.011e-06
19.66	6.491e-06	6.374e-06	6.372e-06	6.375e-06	6.304e-06	6.435e-06	6.543e-06	6.388e-06	6.222e-06	5.996e-06	5.902e-06	5.559e-06	5.636e-06	5.61e-06	5.908e-06	6.176e-06	6.224e-06	6.141e-06	6.147e-06	6.011e-06
19.68	6.491e-06	6.374e-06	6.372e-06	6.375e-06	6.304e-06	6.435e-06	6.543e-06	6.388e-06	6.222e-06	5.996e-06	5.902e-06	5.559e-06	5.636e-06	5.61e-06	5.908e-06	6.176e-06	6.224e-06	6.141e-06	6.147e-06	6.011e-06
19.7	6.496e-06	6.376e-06	6.387e-06	6.343e-06	6.296e-06	6.558e-06	6.498e-06	6.408e-06	6.231e-06	5.966e-06	5.855e-06	5.524e-06	5.618e-06	5.63e-06	5.876e-06	6.108e-06	6.208e-06	6.124e-06	6.178e-06	5.995e-06
19.72	6.496e-06	6.376e-06	6.387e-06	6.343e-06	6.296e-06	6.558e-06	6.498e-06	6.408e-06	6.231e-06	5.966e-06	5.855e-06	5.524e-06	5.618e-06	5.63e-06	5.876e-06	6.108e-06	6.208e-06	6.124e-06	6.178e-06	5.995e-06
19.74	6.496e-06	6.376e-06	6.387e-06	6.343e-06	6.296e-06	6.558e-06	6.498e-06	6.408e-06	6.231e-06	5.966e-06	5.855e-06	5.524e-06	5.618e-06	5.63e-06	5.876e-06	6.108e-06	6.208e-06	6.124e-06	6.178e-06	5.995e-06
19.76	6.496e-06	6.376e-06	6.387e-06	6.343e-06	6.296e-06	6.558e-06	6.498e-06	6.408e-06	6.231e-06	5.966e-06	5.855e-06	5.524e-06	5.618e-06	5.63e-06	5.876e-06	6.108e-06	6.208e-06	6.124e-06	6.178e-06	5.995e-06
19.78	6.496e-06	6.376e-06	6.387e-06	6.343e-06	6.296e-06	6.558e-06	6.498e-06	6.408e-06	6.231e-06	5.966e-06	5.855e-06	5.524e-06	5.618e-06	5.63e-06	5.876e-06	6.108e-06	6.208e-06	6.124e-06	6.178e-06	5.995e-06
19.8	6.496e-06	6.376e-06	6.387e-06	6.343e-06	6.296e-06	6.558e-06	6.498e-06	6.408e-06	6.231e-06	5.966e-06	5.855e-06	5.524e-06	5.618e-06	5.63e-06	5.876e-06	6.108e-06	6.208e-06	6.124e-06	6.178e-06	5.995e-06
19.82	6.496e-06	6.376e-06	6.387e-06	6.343e-06	6.296e-06	6.558e-06	6.498e-06	6.408e-06	6.231e-06	5.966e-06	5.855e-06	5.524e-06	5.618e-06	5.63e-06	5.876e-06	6.108e-06	6.208e-06	6.124e-06	6.178e-06	5.995e-06
19.84	6.496e-06	6.376e-06	6.387e-06	6.343e-06	6.296e-06	6.558e-06	6.498e-06	6.408e-06	6.231e-06	5.966e-06	5.855e-06	5.524e-06	5.618e-06	5.63e-06	5.876e-06	6.108e-06	6.208e-06	6.124e-06	6.178e-06	5.995e-06
19.86	6.496e-06	6.376e-06	6.387e-06	6.343e-06	6.296e-06	6.558e-06	6.498e-06	6.408e-06	6.231e-06	5.966e-06	5.855e-06	5.524e-06	5.618e-06	5.63e-06	5.876e-06	6.108e-06	6.208e-06	6.124e-06	6.178e-06	5.995e-06
19.88	6.496e-06	6.376e-06	6.387e-06	6.343e-06	6.296e-06	6.558e-06	6.498e-06	6.408e-06	6.231e-06	5.966e-06	5.855e-06	5.524e-06	5.618e-06	5.63e-06	5.876e-06	6.108e-06	6.208e-06	6.124e-06	6.178e-06	5.995e-06
19.9	6.468e-06	6.364e-06	6.434e-06	6.447e-06	6.233e-06	6.578e-06	6.545e-06	6.426e-06	6.207e-06	5.986e-06	5.873e-06	5.592e-06	5.62e-06	5.649e-06	5.89e-06	6.162e-06	6.134e-06	6.023e-06	6.092e-06	5.972e-06
19.92	6.468e-06	6.364e-06	6.434e-06	6.447e-06	6.233e-06	6.578e-06	6.545e-06	6.426e-06	6.207e-06	5.986e-06	5.873e-06	5.592e-06	5.62e-06	5.649e-06	5.89e-06	6.162e-06	6.134e-06	6.023e-06	6.092e-06	5.972e-06
19.94	6.468e-06	6.364e-06	6.434e-06	6.447e-06	6.233e-06	6.578e-06	6.545e-06	6.426e-06	6.207e-06	5.986e-06	5.873e-06	5.592e-06	5.62e-06	5.649e-06	5.89e-06	6.162e-06	6.134e-06	6.023e-06	6.092e-06	5.972e-06
19.96	6.468e-06	6.364e-06	6.434e-06	6.447e-06	6.233e-06	6.578e-06	6.545e-06	6.426e-06	6.207e-06	5.986e-06	5.873e-06	5.592e-06	5.62e-06	5.649e-06	5.89e-06	6.162e-06	6.134e-06	6.023e-06	6.092e-06	5.972e-06
19.98	6.468e-06	6.364e-06	6.434e-06	6.447e-06	6.233e-06	6.578e-06	6.545e-06	6.426e-06	6.207e-06	5.986e-06	5.873e-06	5.592e-06	5.62e-06	5.649e-06	5.89e-06	6.162e-06	6.134e-06	6.023e-06	6.092e-06	5.972e-06
20	6.468e-06	6.364e-06	6.434e-06	6.447e-06	6.233e-06	6.578e-06	6.545e-06	6.426e-06	6.207e-06	5.986e-06	5.873e-06	5.592e-06	5.62e-06	5.649e-06	5.89e-06	6.162e-06	6.134e-06	6.023e-06	6.092e-06	5.972e-06
20.02	6.468e-06	6.364e-06	6.434e-06	6.447e-06	6.233e-06	6.578e-06	6.545e-06	6.426e-06	6.207e-06	5.986e-06	5.873e-06	5.592e-06	5.62e-06	5.649e-06	5.89e-06	6.162e-06	6.134e-06	6.023e-06	6.092e-06	5.972e-06
20.04	6.468e-06	6.364e-06	6.434e-06	6.447e-06	6.233e-06	6.578e-06	6.545e-06	6.426e-06	6.207e-06	5.986e-06	5.873e-06	5.592e-06	5.62e-06	5.649e-06	5.89e-06	6.162e-06	6.134e-06	6.023e-06	6.092e-06	5.972e-06
20.06	6.468e-06	6.364e-06	6.434e-06	6.447e-06	6.233e-06	6.578e-06	6.545e-06	6.426e-06	6.207e-06	5.986e-06	5.873e-06	5.592e-06	5.62e-06	5.649e-06	5.89e-06	6.162e-06	6.134e-06	6.023e-06	6.092e-06	5.972e-06
20.08	6.468e-06	6.364e-06	6.434e-06	6.447e-06	6.233e-06	6.578e-06	6.545e-06	6.426e-06	6.207e-06	5.986e-06	5.873e-06	5.592e-06	5.62e-06	5.649e-06	5.89e-06	6.162e-06	6.134e-06	6.023e-06	6.092e-06	5.972e-06
20.1	6.393e-06	6.362e-06	6.367e-06	6.397e-06	6.236e-06	6.606e-06	6.5e-06	6.351e-06	6.18e-06	5.969e-06	5.852e-06	5.552e-06	5.668e-06	5.588e-06	5.806e-06	6.177e-06	6.079e-06	6.123e-06	6.102e-06	5.986e-06
20.12	6.393e-06	6.362e-06	6.367e-06	6.397e-06	6.236e-06	6.606e-06	6.5e-06	6.351e-06	6.18e-06	5.969e-06	5.852e-06	5.552e-06	5.668e-06	5.588e-06	5.806e-06	6.177e-06	6.079e-06	6.123e-06	6.102e-06	5.986e-06
20.14	6.393e-06	6.362e-06	6.367e-06	6.397e-06	6.236e-06	6.606e-06	6.5e-06	6.351e-06	6.18e-06	5.969e-06	5.852e-06	5.552e-06	5.668e-06	5.588e-06	5.806e-06	6.177e-06	6.079e-06	6.123e-06	6.102e-06	5.986e-06
20.16	6.393e-06	6.362e-06	6.367e-06	6.397e-06	6.236e-06	6.606e-06	6.5e-06	6.351e-06	6.18e-06	5.969e-06	5.852e-06	5.552e-06	5.668e-06	5.588e-06	5.806e-06	6.177e-06	6.079e-06	6.123e-06	6.102e-06	5.986e-06
20.18	6.393e-06	6.362e-06	6.367e-06	6.397e-06	6.236e-06	6.606e-06	6.5e-06	6.351e-06	6.18e-06	5.969e-06	5.852e-06	5.552e-06	5.668e-06	5.588e-06	5.806e-06	6.177e-06	6.079e-06	6.123e-06	6.102e-06	5.986e-06
20.2	6.393e-06	6.362e-06	6.367e-06	6.397e-06	6.236e-06	6.606e-06	6.5e-06	6.351e-06	6.18e-06	5.969e-06	5.852e-06	5.552e-06	5.668e-06	5.588e-06	5.806e-06	6.177e-06	6.079e-06	6.123e-06	6.102e-06	5.986e-06
20.22	6.393e-06	6.362e-06	6.367e-06	6.397e-06	6.236e-06	6.606e-06	6.5e-06	6.351e-06	6.18e-06	5.969e-06	5.852e-06	5.552e-06	5.668e-06	5.588e-06	5.806e-06	6.177e-06	6.079e-06	6.123e-06	6.102e-06	5.986e-06
20.24	6.393e-06	6.362e-06	6.367e-06	6.397e-06	6.236e-06	6.606e-06	6.5e-06	6.351e-06	6.18e-06	5.969e-06	5.852e-06	5.552e-06	5.668e-06	5.588e-06	5.806e-06	6.177e-06	6.079e-06	6.123e-06	6.102e-06	5.986e-06
20.26	6.393e-06	6.362e-06	6.367e-06	6.397e-06	6.236e-06	6.606e-06	6.5e-06	6.351e-06	6.18e-06	5.969e-06	5.852e-06	5.552e-06	5.668e-06	5.588e-06	5.806e-06	6.177e-06	6.079e-06	6.123e-06	6.102e-06	5.986e-06
20.28	6.393e-06	6.362e-06	6.367e-06	6.397e-06	6.236e-06	6.606e-06	6.5e-06	6.351e-06	6.18e-06	5.969e-06	5.852e-06	5.552e-06	5.668e-06	5.588e-06	5.806e-06	6.177e-06	6.079e-06	6.123e-06	6.102e-06	5.986e-06
20.3	6.42e-06	6.369e-06	6.446e-06	6.444e-06	6.192e-06	6.591e-06	6.475e-06	6.389e-06	6.186e-06	6.015e-06	5.837e-06	5.58e-06	5.708e-06	5.56e-06	5.745e-06	6.172e-06	6.099e-06	6.081e-06	6.094e-06	6.011e-06
20.32	6.42e-06	6.369e-06	6.446e-06	6.444e-06	6.192e-06	6.591e-06	6.475e-06	6.389e-06	6.186e-06	6.015e-06	5.837e-06	5.58e-06	5.708e-06	5.56e-06	5.745e-06	6.172e-06	6.099e-06	6.081e-06	6.094e-06	6.011e-06
20.34	6.42e-06	6.369e-06	6.446e-06	6.444e-06	6.192e-06	6.591e-06	6.475e-06	6.389e-06	6.186e-06	6.015e-06	5.837e-06	5.58e-06	5.708e-06	5.56e-06	5.745e-06	6.172e-06	6.099e-06	6.081e-06	6.094e-06	6.011e-06
20.36	6.42e-06	6.369e-06	6.446e-06	6.444e-06	6.192e-06	6.591e-06	6.475e-06	6.389e-06	6.186e-06	6.015e-06	5.837e-06	5.58e-06	5.708e-06	5.56e-06	5.745e-06	6.172e-06	6.099e-06	6.081e-06	6.094e-06	6.011e-06
20.38	6.42e-06	6.369e-06	6.446e-06	6.444e-06	6.192e-06	6.591e-06	6.475e-06	6.389e-06	6.186e-06	6.015e-06	5.837e-06	5.58e-06	5.708e-06	5.56e-06	5.745e-06	6.172e-06	6.099e-06	6.081e-06	6.094e-06	6.011e-06
20.4	6.42e-06	6.369e-06	6.446e-06	6.444e-06	6.192e-06	6.591e-06	6.475e-06	6.389e-06	6.186e-06	6.015e-06	5.837e-06	5.58e-06	5.708e-06	5.56e-06	5.745e-06	6.172e-06	6.099e-06	6.081e-06	6.094e-06	6.011e-06
20.42	6.42e-06	6.369e-06	6.446e-06	6.444e-06	6.192e-06	6.591e-06	6.475e-06	6.389e-06	6.186e-06	6.015e-06	5.837e-06	5.58e-06	5.708e-06	5.56e-06	5.745e-06	6.172e-06	6.099e-06	6.081e-06	6.094e-06	6.011e-06
20.44	6.42e-06	6.369e-06	6.446e-06	6.444e-06	6.192e-06	6.591e-06	6.475e-06	6.389e-06	6.186e-06	6.015e-06	5.837e-06	5.58e-06	5.708e-06	5.56e-06	5.745e-06	6.172e-06	6.099e-06	6.081e-06	6.094e-06	6.011e-06
20.46	6.42e-06	6.369e-06	6.446e-06	6.444e-06	6.192e-06	6.591e-06	6.475e-06	6.389e-06	6.186e-06	6.015e-06	5.837e-06	5.58e-06	5.708e-06	5.56e-06	5.745e-06	6.172e-06	6.099e-06	6.081e-06	6.094e-06	6.011e-06
20.48	6.42e-06	6.369e-06	6.446e-06	6.444e-06	6.192e-06	6.591e-06	6.475e-06	6.389e-06	6.186e-06	6.015e-06	5.837e-06	5.58e-06	5.708e-06	5.56e-06	5.745e-06	6.172e-06	6.099e-06	6.081e-06	6.094e-06	6.011e-06
20.5	6.408e-06	6.323e-06	6.439e-06	6.374e-06	6.162e-06	6.642e-06	6.48e-06	6.314e-06	6.161e-06	5.905e-06	5.83e-06	5.531e-06	5.701e-06	5.974e-06	5.813e-06	6.213e-06	6.016e-06	6.076e-06	6.126e-06	5.946e-06
20.52	6.408e-06	6.323e-06	6.439e-06	6.374e-06	6.162e-06	6.642e-06	6.48e-06	6.314e-06	6.161e-06	5.905e-06	5.83e-06	5.531e-06	5.701e-06	5.974e-06	5.813e-06	6.213e-06	6.016e-06	6.076e-06	6.126e-06	5.946e-06
20.54	6.408e-06	6.323e-06	6.439e-06	6.374e-06	6.162e-06	6.642e-06	6.48e-06	6.314e-06	6.161e-06	5.905e-06	5.83e-06	5.531e-06	5.701e-06	5.974e-06	5.813e-06	6.213e-06	6.016e-06	6.076e-06	6.126e-06	5.946e-06
20.56	6.408e-06	6.323e-06	6.439e-06	6.374e-06	6.162e-06	6.642e-06	6.48e-06	6.314e-06	6.161e-06	5.905e-06	5.83e-06	5.531e-06	5.701e-06	5.974e-06	5.813e-06	6.213e-06	6.016e-06	6.076e-06	6.126e-06	5.946e-06
20.58	6.408e-06	6.323e-06	6.439e-06	6.374e-06	6.162e-06	6.642e-06	6.48e-06	6.314e-06	6.161e-06	5.905e-06	5.83e-06	5.531e-06	5.701e-06	5.974e-06	5.813e-06	6.213e-06	6.016e-06	6.076e-06	6.126e-06	5.946e-06
20.6	6.408e-06	6.323e-06	6.439e-06	6.374e-06	6.162e-06	6.642e-06	6.48e-06	6.314e-06	6.161e-06	5.905e-06	5.83e-06	5.531e-06	5.701e-06	5.974e-06	5.813e-06	6.213e-06	6.016e-06	6.076e-06	6.126e-06	5.946e-06
20.62	6.408e-06	6.323e-06	6.439e-06	6.374e-06	6.162e-06	6.642e-06	6.48e-06	6.314e-06	6.161e-06	5.905e-06	5.83e-06	5.531e-06	5.701e-06	5.974e-06	5.813e-06	6.213e-06	6.016e-06	6.076e-06	6.126e-06	5.946e-06
20.64	6.408e-06	6.323e-06	6.439e-06	6.374e-06	6.162e-06	6.642e-06	6.48e-06	6.314e-06	6.161e-06	5.905e-06	5.83e-06	5.531e-06	5.701e-06	5.974e-06	5.813e-06	6.213e-06	6.016e-06	6.076e-06	6.126e-06	5.946e-06
20.66	6.408e-06	6.323e-06	6.439e-06	6.374e-06	6.162e-06	6.642e-06	6.48e-06	6.314e-06	6.161e-06	5.905e-06	5.83e-06	5.531e-06	5.701e-06	5.974e-06	5.813e-06	6.213e-06	6.016e-06	6.076e-06	6.126e-06	5.946e-06
20.68	6.408e-06	6.323e-06	6.439e-06	6.374e-06	6.162e-06	6.642e-06	6.48e-06	6.314e-06	6.161e-06	5.905e-06	5.83e-06	5.531e-06	5.701e-06	5.974e-06	5.813e-06	6.213e-06	6.016e-06	6.076e-06	6.126e-06	5.946e-06
20.7	6.391e-06	6.323e-06	6.394e-06	6.374e-06	6.174e-06	6.581e-06	6.458e-06	6.396e-06	6.179e-06	5.886e-06	5.85e-06	5.512e-06	5.708e-06	5.958e-06	5.72e-06	6.148e-06	6.012e-06	6.131e-06	6.114e-06	6.041e-06
20.72	6.391e-06	6.323e-06	6.394e-06	6.374e-06	6.174e-06	6.581e-06	6.458e-06	6.396e-06	6.179e-06	5.886e-06	5.85e-06	5.512e-06	5.708e-06	5.958e-06	5.72e-06	6.148e-06	6.012e-06	6.131e-06	6.114e-06	6.041e-06
20.74	6.391e-06	6.323e-06	6.394e-06	6.374e-06	6.174e-06	6.581e-06	6.458e-06	6.396e-06	6.179e-06	5.886e-06	5.85e-06	5.512e-06	5.708e-06	5.958e-06	5.72e-06	6.148e-06	6.012e-06	6.131e-06	6.114e-06	6.041e-06
20.76	6.391e-06	6.323e-06	6.394e-06	6.374e-06	6.174e-06	6.581e-06	6.458e-06	6.396e-06	6.179e-06	5.886e-06	5.85e-06	5.512e-06	5.708e-06	5.958e-06	5.72e-06	6.148e-06	6.012e-06	6.131e-06	6.114e-06	6.041e-06
20.78	6.391e-06	6.323e-06	6.394e-06	6.374e-06	6.174e-06	6.581e-06	6.458e-06	6.396e-06	6.179e-06	5.886e-06	5.85e-06	5.512e-06	5.708e-06	5.958e-06	5.72e-06	6.148e-06	6.012e-06	6.131e-06	6.114e-06	6.041e-06
20.8	6.391e-06	6.323e-06	6.394e-06	6.374e-06	6.174e-06	6.581e-06	6.458e-06	6.396e-06	6.179e-06	5.886e-06	5.85e-06	5.512e-06	5.708e-06	5.958e-06	5.72e-06	6.148e-06	6.012e-06	6.131e-06	6.114e-06	6.041e-06
20.82	6.391e-06	6.323e-06	6.394e-06	6.374e-06	6.174e-06	6.581e-06	6.458e-06	6.396e-06	6.179e-06	5.886e-06	5.85e-06	5.512e-06	5.708e-06	5.958e-06	5.72e-06	6.148e-06	6.012e-06	6.131e-06	6.114e-06	6.041e-06
20.84	6.391e-06	6.323e-06	6.394e-06	6.374e-06	6.174e-06	6.581e-06	6.458e-06	6.396e-06	6.179e-06	5.886e-06	5.85e-06	5.512e-06	5.708e-06	5.958e-06	5.72e-06	6.148e-06	6.012e-06	6.131e-06	6.114e-06	6.041e-06
20.86	6.391e-06	6.323e-06	6.394e-06	6.374e-06	6.174e-06	6.581e-06	6.458e-06	6.396e-06	6.179e-06	5.886e-06	5.85e-06	5.512e-06	5.708e-06	5.958e-06	5.72e-06	6.148e-06	6.012e-06	6.131e-06	6.114e-06	6.041e-06
20.88	6.391e-06	6.323e-06	6.394e-06	6.374e-06	6.174e-06	6.581e-06	6.458e-06	6.396e-06	6.179e-06	5.886e-06	5.85e-06	5.512e-06	5.708e-06	5.958e-06	5.72e-06	6.148e-06	6.012e-06	6.131e-06	6.114e-06	6.041e-06
20.9	6.441e-06	6.315e-06	6.434e-06	6.328e-06	6.16e-06	6.571e-06	6.433e-06	6.381e-06	6.141e-06	5.936e-06	5.846e-06	5.768e-06	5.6e-06	5.894e-06	5.648e-06	6.226e-06	6.056e-06	6.14e-06	6.087e-06	6.021e-06
20.92	6.441e-06	6.315e-06	6.434e-06	6.328e-06	6.16e-06	6.571e-06	6.433e-06	6.381e-06	6.141e-06	5.936e-06	5.846e-06	5.768e-06	5.6e-06	5.894e-06	5.648e-06	6.226e-06	6.056e-06	6.14e-06	6.087e-06	6.021e-06
20.94	6.441e-06	6.315e-06	6.434e-06	6.328e-06	6.16e-06	6.571e-06	6.433e-06	6.381e-06	6.141e-06	5.936e-06	5.846e-06	5.768e-06	5.6e-06	5.894e-06	5.648e-06	6.226e-06	6.056e-06	6.14e-06	6.087e-06	6.021e-06
20.96	6.441e-06	6.315e-06	6.434e-06	6.328e-06	6.16e-06	6.571e-06	6.433e-06	6.381e-06	6.141e-06	5.936e-06	5.846e-06	5.768e-06	5.6e-06	5.894e-06	5.648e-06	6.226e-06	6.056e-06	6.14e-06	6.087e-06	6.021e-06
20.98	6.441e-06	6.315e-06	6.434e-06	6.328e-06	6.16e-06	6.571e-06	6.433e-06	6.381e-06	6.141e-06	5.936e-06	5.846e-06	5.768e-06	5.6e-06	5.894e-06	5.648e-06	6.226e-06	6.056e-06	6.14e-06	6.087e-06	6.021e-06
21	6.441e-06	6.315e-06	6.434e-06	6.328e-06	6.16e-06	6.571e-06	6.433e-06	6.381e-06	6.141e-06	5.936e-06	5.846e-06	5.768e-06	5.6e-06	5.894e-06	5.648e-06	6.226e-06	6.056e-06	6.14e-06	6.087e-06	6.021e-06
21.02	6.441e-06	6.315e-06	6.434e-06	6.328e-06	6.16e-06	6.571e-06	6.433e-06	6.381e-06	6.141e-06	5.936e-06	5.846e-06	5.768e-06	5.6e-06	5.894e-06	5.648e-06	6.226e-06	6.056e-06	6.14e-06	6.087e-06	6.021e-06
21.04	6.441e-06	6.315e-06	6.434e-06	6.328e-06	6.16e-06	6.571e-06	6.433e-06	6.381e-06	6.141e-06	5.936e-06	5.846e-06	5.768e-06	5.6e-06	5.894e-06	5.648e-06	6.226e-06	6.056e-06	6.14e-06	6.087e-06	6.021e-06
21.06	6.441e-06	6.315e-06	6.434e-06	6.328e-06	6.16e-06	6.571e-06	6.433e-06	6.381e-06	6.141e-06	5.936e-06	5.846e-06	5.768e-06	5.6e-06	5.894e-06	5.648e-06	6.226e-06	6.056e-06	6.14e-06	6.087e-06	6.021e-06
21.08	6.441e-06	6.315e-06	6.434e-06	6.328e-06	6.16e-06	6.571e-06	6.433e-06	6.381e-06	6.141e-06	5.936e-06	5.846e-06	5.768e-06	5.6e-06	5.894e-06	5.648e-06	6.226e-06	6.056e-06	6.14e-06	6.087e-06	6.021e-06
21.1	6.361e-06	6.345e-06	6.37e-06	6.308e-06	6.174e-06	6.495e-06	6.445e-06	6.332e-06	6.115e-06	5.904e-06	5.837e-06	5.768e-06	5.564e-06	5.894e-06	5.595e-06	6.246e-06	6.026e-06	6.104e-06	6.073e-06	5.997e-06
21.12	6.361e-06	6.345e-06	6.37e-06	6.308e-06	6.174e-06	6.495e-06	6.445e-06	6.332e-06	6.115e-06	5.904e-06	5.837e-06	5.768e-06	5.564e-06	5.894e-06	5.595e-06	6.246e-06	6.026e-06	6.104e-06	6.073e-06	5.997e-06
21.14	6.361e-06	6.345e-06	6.37e-06	6.308e-06	6.174e-06	6.495e-06	6.445e-06	6.332e-06	6.115e-06	5.904e-06	5.837e-06	5.768e-06	5.564e-06	5.894e-06	5.595e-06	6.246e-06	6.026e-06	6.104e-06	6.073e-06	5.997e-06
21.16	6.361e-06	6.345e-06	6.37e-06	6.308e-06	6.174e-06	6.495e-06	6.445e-06	6.332e-06	6.115e-06	5.904e-06	5.837e-06	5.768e-06	5.564e-06	5.894e-06	5.595e-06	6.246e-06	6.026e-06	6.104e-06	6.073e-06	5.997e-06
21.18	6.361e-06	6.345e-06	6.37e-06	6.308e-06	6.174e-06	6.495e-06	6.445e-06	6.332e-06	6.115e-06	5.904e-06	5.837e-06	5.768e-06	5.564e-06	5.894e-06	5.595e-06	6.246e-06	6.026e-06	6.104e-06	6.073e-06	5.997e-06
21.2	6.361e-06	6.345e-06	6.37e-06	6.308e-06	6.174e-06	6.495e-06	6.445e-06	6.332e-06	6.115e-06	5.904e-06	5.837e-06	5.768e-06	5.564e-06	5.894e-06	5.595e-06	6.246e-06	6.026e-06	6.104e-06	6.073e-06	5.997e-06
21.22	6.361e-06	6.345e-06	6.37e-06	6.308e-06	6.174e-06	6.495e-06	6.445e-06	6.332e-06	6.115e-06	5.904e-06	5.837e-06	5.768e-06	5.564e-06	5.894e-06	5.595e-06	6.246e-06	6.026e-06	6.104e-06	6.073e-06	5.997e-06
21.24	6.361e-06	6.345e-06	6.37e-06	6.308e-06	6.174e-06	6.495e-06	6.445e-06	6.332e-06	6.115e-06	5.904e-06	5.837e-06	5.768e-06	5.564e-06	5.894e-06	5.595e-06	6.246e-06	6.026e-06	6.104e-06	6.073e-06	5.997e-06
21.26	6.361e-06	6.345e-06	6.37e-06	6.308e-06	6.174e-06	6.495e-06	6.445e-06	6.332e-06	6.115e-06	5.904e-06	5.837e-06	5.768e-06	5.564e-06	5.894e-06	5.595e-06	6.246e-06	6.026e-06	6.104e-06	6.073e-06	5.997e-06
21.28	6.361e-06	6.345e-06	6.37e-06	6.308e-06	6.174e-06	6.495e-06	6.445e-06	6.332e-06	6.115e-06	5.904e-06	5.837e-06	5.768e-06	5.564e-06	5.894e-06	5.595e-06	6.246e-06	6.026e-06	6.104e-06	6.073e-06	5.997e-06
21.3	6.376e-06	6.335e-06	6.436e-06	6.308e-06	6.112e-06	6.5e-06	6.438e-06	6.286e-06	6.108e-06	5.841e-06	5.738e-06	5.676e-06	5.685e-06	5.878e-06	5.646e-06	6.212e-06	6.031e-06	6.072e-06	6.159e-06	5.96e-06
21.32	6.376e-06	6.335e-06	6.436e-06	6.308e-06	6.112e-06	6.5e-06	6.438e-06	6.286e-06	6.108e-06	5.841e-06	5.738e-06	5.676e-06	5.685e-06	5.878e-06	5.646e-06	6.212e-06	6.031e-06	6.072e-06	6.159e-06	5.96e-06
21.34	6.376e-06	6.335e-06	6.436e-06	6.308e-06	6.112e-06	6.5e-06	6.438e-06	6.286e-06	6.108e-06	5.841e-06	5.738e-06	5.676e-06	5.685e-06	5.878e-06	5.646e-06	6.212e-06	6.031e-06	6.072e-06	6.159e-06	5.96e-06
21.36	6.376e-06	6.335e-06	6.436e-06	6.308e-06	6.112e-06	6.5e-06	6.438e-06	6.286e-06	6.108e-06	5.841e-06	5.738e-06	5.676e-06	5.685e-06	5.878e-06	5.646e-06	6.212e-06	6.031e-06	6.072e-06	6.159e-06	5.96e-06
21.38	6.376e-06	6.335e-06	6.436e-06	6.308e-06	6.112e-06	6.5e-06	6.438e-06	6.286e-06	6.108e-06	5.841e-06	5.738e-06	5.676e-06	5.685e-06	5.878e-06	5.646e-06	6.212e-06	6.031e-06	6.072e-06	6.159e-06	5.96e-06
21.4	6.376e-06	6.335e-06	6.436e-06	6.308e-06	6.112e-06	6.5e-06	6.438e-06	6.286e-06	6.108e-06	5.841e-06	5.738e-06	5.676e-06	5.685e-06	5.878e-06	5.646e-06	6.212e-06	6.031e-06	6.072e-06	6.159e-06	5.96e-06
21.42	6.376e-06	6.335e-06	6.436e-06	6.308e-06	6.112e-06	6.5e-06	6.438e-06	6.286e-06	6.108e-06	5.841e-06	5.738e-06	5.676e-06	5.685e-06	5.878e-06	5.646e-06	6.212e-06	6.031e-06	6.072e-06	6.159e-06	5.96e-06
21.44	6.376e-06	6.335e-06	6.436e-06	6.308e-06	6.112e-06	6.5e-06	6.438e-06	6.286e-06	6.108e-06	5.841e-06	5.738e-06	5.676e-06	5.685e-06	5.878e-06	5.646e-06	6.212e-06	6.031e-06	6.072e-06	6.159e-06	5.96e-06
21.46	6.376e-06	6.335e-06	6.436e-06	6.308e-06	6.112e-06	6.5e-06	6.438e-06	6.286e-06	6.108e-06	5.841e-06	5.738e-06	5.676e-06	5.685e-06	5.878e-06	5.646e-06	6.212e-06	6.031e-06	6.072e-06	6.159e-06	5.96e-06
21.48	6.376e-06	6.335e-06	6.436e-06	6.308e-06	6.112e-06	6.5e-06	6.438e-06	6.286e-06	6.108e-06	5.841e-06	5.738e-06	5.676e-06	5.685e-06	5.878e-06	5.646e-06	6.212e-06	6.031e-06	6.072e-06	6.159e-06	5.96e-06
21.5	6.276e-06	6.301e-06	6.498e-06	6.311e-06	6.106e-06	6.611e-06	6.337e-06	6.318e-06	6.098e-06	5.895e-06	5.802e-06	5.666e-06	5.648e-06	5.903e-06	5.736e-06	6.241e-06	5.959e-06	6.051e-06	6.123e-06	5.903e-06
21.52	6.276e-06	6.301e-06	6.498e-06	6.311e-06	6.106e-06	6.611e-06	6.337e-06	6.318e-06	6.098e-06	5.895e-06	5.802e-06	5.666e-06	5.648e-06	5.903e-06	5.736e-06	6.241e-06	5.959e-06	6.051e-06	6.123e-06	5.903e-06
21.54	6.276e-06	6.301e-06	6.498e-06	6.311e-06	6.106e-06	6.611e-06	6.337e-06	6.318e-06	6.098e-06	5.895e-06	5.802e-06	5.666e-06	5.648e-06	5.903e-06	5.736e-06	6.241e-06	5.959e-06	6.051e-06	6.123e-06	5.903e-06
21.56	6.276e-06	6.301e-06	6.498e-06	6.311e-06	6.106e-06	6.611e-06	6.337e-06	6.318e-06	6.098e-06	5.895e-06	5.802e-06	5.666e-06	5.648e-06	5.903e-06	5.736e-06	6.241e-06	5.959e-06	6.051e-06	6.123e-06	5.903e-06
21.58	6.276e-06	6.301e-06	6.498e-06	6.311e-06	6.106e-06	6.611e-06	6.337e-06	6.318e-06	6.098e-06	5.895e-06	5.802e-06	5.666e-06	5.648e-06	5.903e-06	5.736e-06	6.241e-06	5.959e-06	6.051e-06	6.123e-06	5.903e-06
21.6	6.276e-06	6.301e-06	6.498e-06	6.311e-06	6.106e-06	6.611e-06	6.337e-06	6.318e-06	6.098e-06	5.895e-06	5.802e-06	5.666e-06	5.648e-06	5.903e-06	5.736e-06	6.241e-06	5.959e-06	6.051e-06	6.123e-06	5.903e-06
21.62	6.276e-06	6.301e-06	6.498e-06	6.311e-06	6.106e-06	6.611e-06	6.337e-06	6.318e-06	6.098e-06	5.895e-06	5.802e-06	5.666e-06	5.648e-06	5.903e-06	5.736e-06	6.241e-06	5.959e-06	6.051e-06	6.123e-06	5.903e-06
21.64	6.276e-06	6.301e-06	6.498e-06	6.311e-06	6.106e-06	6.611e-06	6.337e-06	6.318e-06	6.098e-06	5.895e-06	5.802e-06	5.666e-06	5.648e-06	5.903e-06	5.736e-06	6.241e-06	5.959e-06	6.051e-06	6.123e-06	5.903e-06
21.66	6.276e-06	6.301e-06	6.498e-06	6.311e-06	6.106e-06	6.611e-06	6.337e-06	6.318e-06	6.098e-06	5.895e-06	5.802e-06	5.666e-06	5.648e-06	5.903e-06	5.736e-06	6.241e-06	5.959e-06	6.051e-06	6.123e-06	5.903e-06
21.68	6.276e-06	6.301e-06	6.498e-06	6.311e-06	6.106e-06	6.611e-06	6.337e-06	6.318e-06	6.098e-06	5.895e-06	5.802e-06	5.666e-06	5.648e-06	5.903e-06	5.736e-06	6.241e-06	5.959e-06	6.051e-06	6.123e-06	5.903e-06
21.7	6.293e-06	6.301e-06	6.519e-06	6.292e-06	6.112e-06	6.583e-06	6.359e-06	6.269e-06	6.077e-06	5.941e-06	5.794e-06	5.614e-06	5.681e-06	5.884e-06	5.778e-06	6.309e-06	5.952e-06	6.126e-06	6.107e-06	5.921e-06
21.72	6.293e-06	6.301e-06	6.519e-06	6.292e-06	6.112e-06	6.583e-06	6.359e-06	6.269e-06	6.077e-06	5.941e-06	5.794e-06	5.614e-06	5.681e-06	5.884e-06	5.778e-06	6.309e-06	5.952e-06	6.126e-06	6.107e-06	5.921e-06
21.74	6.293e-06	6.301e-06	6.519e-06	6.292e-06	6.112e-06	6.583e-06	6.359e-06	6.269e-06	6.077e-06	5.941e-06	5.794e-06	5.614e-06	5.681e-06	5.884e-06	5.778e-06	6.309e-06	5.952e-06	6.126e-06	6.107e-06	5.921e-06
21.76	6.293e-06	6.301e-06	6.519e-06	6.292e-06	6.112e-06	6.583e-06	6.359e-06	6.269e-06	6.077e-06	5.941e-06	5.794e-06	5.614e-06	5.681e-06	5.884e-06	5.778e-06	6.309e-06	5.952e-06	6.126e-06	6.107e-06	5.921e-06
21.78	6.293e-06	6.301e-06	6.519e-06	6.292e-06	6.112e-06	6.583e-06	6.359e-06	6.269e-06	6.077e-06	5.941e-06	5.794e-06	5.614e-06	5.681e-06	5.884e-06	5.778e-06	6.309e-06	5.952e-06	6.126e-06	6.107e-06	5.921e-06
21.8	6.293e-06	6.301e-06	6.519e-06	6.292e-06	6.112e-06	6.583e-06	6.359e-06	6.269e-06	6.077e-06	5.941e-06	5.794e-06	5.614e-06	5.681e-06	5.884e-06	5.778e-06	6.309e-06	5.952e-06	6.126e-06	6.107e-06	5.921e-06
21.82	6.293e-06	6.301e-06	6.519e-06	6.292e-06	6.112e-06	6.583e-06	6.359e-06	6.269e-06	6.077e-06	5.941e-06	5.794e-06	5.614e-06	5.681e-06	5.884e-06	5.778e-06	6.309e-06	5.952e-06	6.126e-06	6.107e-06	5.921e-06
21.84	6.293e-06	6.301e-06	6.519e-06	6.292e-06	6.112e-06	6.583e-06	6.359e-06	6.269e-06	6.077e-06	5.941e-06	5.794e-06	5.614e-06	5.681e-06	5.884e-06	5.778e-06	6.309e-06	5.952e-06	6.126e-06	6.107e-06	5.921e-06
21.86	6.293e-06	6.301e-06	6.519e-06	6.292e-06	6.112e-06	6.583e-06	6.359e-06	6.269e-06	6.077e-06	5.941e-06	5.794e-06	5.614e-06	5.681e-06	5.884e-06	5.778e-06	6.309e-06	5.952e-06	6.126e-06	6.107e-06	5.921e-06
21.88	6.293e-06	6.301e-06	6.519e-06	6.292e-06	6.112e-06	6.583e-06	6.359e-06	6.269e-06	6.077e-06	5.941e-06	5.794e-06	5.614e-06	5.681e-06	5.884e-06	5.778e-06	6.309e-06	5.952e-06	6.126e-06	6.107e-06	5.921e-06
21.9	6.327e-06	6.262e-06	6.539e-06	6.302e-06	6.102e-06	6.568e-06	6.292e-06	6.286e-06	6.105e-06	5.9e-06	5.689e-06	5.64e-06	5.788e-06	5.906e-06	5.806e-06	6.341e-06	5.961e-06	6.103e-06	6.088e-06	5.903e-06
21.92	6.327e-06	6.262e-06	6.539e-06	6.302e-06	6.102e-06	6.568e-06	6.292e-06	6.286e-06	6.105e-06	5.9e-06	5.689e-06	5.64e-06	5.788e-06	5.906e-06	5.806e-06	6.341e-06	5.961e-06	6.103e-06	6.088e-06	5.903e-06
21.94	6.327e-06	6.262e-06	6.539e-06	6.302e-06	6.102e-06	6.568e-06	6.292e-06	6.286e-06	6.105e-06	5.9e-06	5.689e-06	5.64e-06	5.788e-06	5.906e-06	5.806e-06	6.341e-06	5.961e-06	6.103e-06	6.088e-06	5.903e-06
21.96	6.327e-06	6.262e-06	6.539e-06	6.302e-06	6.102e-06	6.568e-06	6.292e-06	6.286e-06	6.105e-06	5.9e-06	5.689e-06	5.64e-06	5.788e-06	5.906e-06	5.806e-06	6.341e-06	5.961e-06	6.103e-06	6.088e-06	5.903e-06
21.98	6.327e-06	6.262e-06	6.539e-06	6.302e-06	6.102e-06	6.568e-06	6.292e-06	6.286e-06	6.105e-06	5.9e-06	5.689e-06	5.64e-06	5.788e-06	5.906e-06	5.806e-06	6.341e-06	5.961e-06	6.103e-06	6.088e-06	5.903e-06
22	6.327e-06	6.262e-06	6.539e-06	6.302e-06	6.102e-06	6.568e-06	6.292e-06	6.286e-06	6.105e-06	5.9e-06	5.689e-06	5.64e-06	5.788e-06	5.906e-06	5.806e-06	6.341e-06	5.961e-06	6.103e-06	6.088e-06	5.903e-06
22.02	6.327e-06	6.262e-06	6.539e-06	6.302e-06	6.102e-06	6.568e-06	6.292e-06	6.286e-06	6.105e-06	5.9e-06	5.689e-06	5.64e-06	5.788e-06	5.906e-06	5.806e-06	6.341e-06	5.961e-06	6.103e-06	6.088e-06	5.903e-06
22.04	6.327e-06	6.262e-06	6.539e-06	6.302e-06	6.102e-06	6.568e-06	6.292e-06	6.286e-06	6.105e-06	5.9e-06	5.689e-06	5.64e-06	5.788e-06	5.906e-06	5.806e-06	6.341e-06	5.961e-06	6.103e-06	6.088e-06	5.903e-06
22.06	6.327e-06	6.262e-06	6.539e-06	6.302e-06	6.102e-06	6.568e-06	6.292e-06	6.286e-06	6.105e-06	5.9e-06	5.689e-06	5.64e-06	5.788e-06	5.906e-06	5.806e-06	6.341e-06	5.961e-06	6.103e-06	6.088e-06	5.903e-06
22.08	6.327e-06	6.262e-06	6.539e-06	6.302e-06	6.102e-06	6.568e-06	6.292e-06	6.286e-06	6.105e-06	5.9e-06	5.689e-06	5.64e-06	5.788e-06	5.906e-06	5.806e-06	6.341e-06	5.961e-06	6.103e-06	6.088e-06	5.903e-06
22.1	6.394e-06	6.265e-06	6.532e-06	6.299e-06	6.025e-06	6.581e-06	6.357e-06	6.231e-06	6.098e-06	6.007e-06	5.765e-06	5.627e-06	5.788e-06	5.835e-06	5.787e-06	6.333e-06	5.936e-06	6.083e-06	6.095e-06	5.844e-06
22.12	6.394e-06	6.265e-06	6.532e-06	6.299e-06	6.025e-06	6.581e-06	6.357e-06	6.231e-06	6.098e-06	6.007e-06	5.765e-06	5.627e-06	5.788e-06	5.835e-06	5.787e-06	6.333e-06	5.936e-06	6.083e-06	6.095e-06	5.844e-06
22.14	6.394e-06	6.265e-06	6.532e-06	6.299e-06	6.025e-06	6.581e-06	6.357e-06	6.231e-06	6.098e-06	6.007e-06	5.765e-06	5.627e-06	5.788e-06	5.835e-06	5.787e-06	6.333e-06	5.936e-06	6.083e-06	6.095e-06	5.844e-06
22.16	6.394e-06	6.265e-06	6.532e-06	6.299e-06	6.025e-06	6.581e-06	6.357e-06	6.231e-06	6.098e-06	6.007e-06	5.765e-06	5.627e-06	5.788e-06	5.835e-06	5.787e-06	6.333e-06	5.936e-06	6.083e-06	6.095e-06	5.844e-06
22.18	6.394e-06	6.265e-06	6.532e-06	6.299e-06	6.025e-06	6.581e-06	6.357e-06	6.231e-06	6.098e-06	6.007e-06	5.765e-06	5.627e-06	5.788e-06	5.835e-06	5.787e-06	6.333e-06	5.936e-06	6.083e-06	6.095e-06	5.844e-06
22.2	6.394e-06	6.265e-06	6.532e-06	6.299e-06	6.025e-06	6.581e-06	6.357e-06	6.231e-06	6.098e-06	6.007e-06	5.765e-06	5.627e-06	5.788e-06	5.835e-06	5.787e-06	6.333e-06	5.936e-06	6.083e-06	6.095e-06	5.844e-06
22.22	6.394e-06	6.265e-06	6.532e-06	6.299e-06	6.025e-06	6.581e-06	6.357e-06	6.231e-06	6.098e-06	6.007e-06	5.765e-06	5.627e-06	5.788e-06	5.835e-06	5.787e-06	6.333e-06	5.936e-06	6.083e-06	6.095e-06	5.844e-06
22.24	6.394e-06	6.265e-06	6.532e-06	6.299e-06	6.025e-06	6.581e-06	6.357e-06	6.231e-06	6.098e-06	6.007e-06	5.765e-06	5.627e-06	5.788e-06	5.835e-06	5.787e-06	6.333e-06	5.936e-06	6.083e-06	6.095e-06	5.844e-06
22.26	6.394e-06	6.265e-06	6.532e-06	6.299e-06	6.025e-06	6.581e-06	6.357e-06	6.231e-06	6.098e-06	6.007e-06	5.765e-06	5.627e-06	5.788e-06	5.835e-06	5.787e-06	6.333e-06	5.936e-06	6.083e-06	6.095e-06	5.844e-06
22.28	6.394e-06	6.265e-06	6.532e-06	6.299e-06	6.025e-06	6.581e-06	6.357e-06	6.231e-06	6.098e-06	6.007e-06	5.765e-06	5.627e-06	5.788e-06	5.835e-06	5.787e-06	6.333e-06	5.936e-06	6.083e-06	6.095e-06	5.844e-06
22.3	6.386e-06	6.226e-06	6.484e-06	6.258e-06	5.982e-06	6.55e-06	6.342e-06	6.257e-06	6.164e-06	6.029e-06	5.796e-06	5.616e-06	5.776e-06	5.691e-06	5.8e-06	6.291e-06	5.911e-06	6.105e-06	6.105e-06	5.782e-06
22.32	6.386e-06	6.226e-06	6.484e-06	6.258e-06	5.982e-06	6.55e-06	6.342e-06	6.257e-06	6.164e-06	6.029e-06	5.796e-06	5.616e-06	5.776e-06	5.691e-06	5.8e-06	6.291e-06	5.911e-06	6.105e-06	6.105e-06	5.782e-06
22.34	6.386e-06	6.226e-06	6.484e-06	6.258e-06	5.982e-06	6.55e-06	6.342e-06	6.257e-06	6.164e-06	6.029e-06	5.796e-06	5.616e-06	5.776e-06	5.691e-06	5.8e-06	6.291e-06	5.911e-06	6.105e-06	6.105e-06	5.782e-06
22.36	6.386e-06	6.226e-06	6.484e-06	6.258e-06	5.982e-06	6.55e-06	6.342e-06	6.257e-06	6.164e-06	6.029e-06	5.796e-06	5.616e-06	5.776e-06	5.691e-06	5.8e-06	6.291e-06	5.911e-06	6.105e-06	6.105e-06	5.782e-06
22.38	6.386e-06	6.226e-06	6.484e-06	6.258e-06	5.982e-06	6.55e-06	6.342e-06	6.257e-06	6.164e-06	6.029e-06	5.796e-06	5.616e-06	5.776e-06	5.691e-06	5.8e-06	6.291e-06	5.911e-06	6.105e-06	6.105e-06	5.782e-06
22.4	6.386e-06	6.226e-06	6.484e-06	6.258e-06	5.982e-06	6.55e-06	6.342e-06	6.257e-06	6.164e-06	6.029e-06	5.796e-06	5.616e-06	5.776e-06	5.691e-06	5.8e-06	6.291e-06	5.911e-06	6.105e-06	6.105e-06	5.782e-06
22.42	6.386e-06	6.226e-06	6.484e-06	6.258e-06	5.982e-06	6.55e-06	6.342e-06	6.257e-06	6.164e-06	6.029e-06	5.796e-06	5.616e-06	5.776e-06	5.691e-06	5.8e-06	6.291e-06	5.911e-06	6.105e-06	6.105e-06	5.782e-06
22.44	6.386e-06	6.226e-06	6.484e-06	6.258e-06	5.982e-06	6.55e-06	6.342e-06	6.257e-06	6.164e-06	6.029e-06	5.796e-06	5.616e-06	5.776e-06	5.691e-06	5.8e-06	6.291e-06	5.911e-06	6.105e-06	6.105e-06	5.782e-06
22.46	6.386e-06	6.226e-06	6.484e-06	6.258e-06	5.982e-06	6.55e-06	6.342e-06	6.257e-06	6.164e-06	6.029e-06	5.796e-06	5.616e-06	5.776e-06	5.691e-06	5.8e-06	6.291e-06	5.911e-06	6.105e-06	6.105e-06	5.782e-06
22.48	6.386e-06	6.226e-06	6.484e-06	6.258e-06	5.982e-06	6.55e-06	6.342e-06	6.257e-06	6.164e-06	6.029e-06	5.796e-06	5.616e-06	5.776e-06	5.691e-06	5.8e-06	6.291e-06	5.911e-06	6.105e-06	6.105e-06	5.782e-06
22.5	6.364e-06	6.31e-06	6.479e-06	6.29e-06	5.983e-06	6.472e-06	6.337e-06	6.255e-06	6.169e-06	6.008e-06	5.834e-06	5.573e-06	5.743e-06	5.72e-06	5.818e-06	6.336e-06	5.823e-06	6.074e-06	6.064e-06	5.746e-06
22.52	6.364e-06	6.31e-06	6.479e-06	6.29e-06	5.983e-06	6.472e-06	6.337e-06	6.255e-06	6.169e-06	6.008e-06	5.834e-06	5.573e-06	5.743e-06	5.72e-06	5.818e-06	6.336e-06	5.823e-06	6.074e-06	6.064e-06	5.746e-06
22.54	6.364e-06	6.31e-06	6.479e-06	6.29e-06	5.983e-06	6.472e-06	6.337e-06	6.255e-06	6.169e-06	6.008e-06	5.834e-06	5.573e-06	5.743e-06	5.72e-06	5.818e-06	6.336e-06	5.823e-06	6.074e-06	6.064e-06	5.746e-06
22.56	6.364e-06	6.31e-06	6.479e-06	6.29e-06	5.983e-06	6.472e-06	6.337e-06	6.255e-06	6.169e-06	6.008e-06	5.834e-06	5.573e-06	5.743e-06	5.72e-06	5.818e-06	6.336e-06	5.823e-06	6.074e-06	6.064e-06	5.746e-06
22.58	6.364e-06	6.31e-06	6.479e-06	6.29e-06	5.983e-06	6.472e-06	6.337e-06	6.255e-06	6.169e-06	6.008e-06	5.834e-06	5.573e-06	5.743e-06	5.72e-06	5.818e-06	6.336e-06	5.823e-06	6.074e-06	6.064e-06	5.746e-06
22.6	6.364e-06	6.31e-06	6.479e-06	6.29e-06	5.983e-06	6.472e-06	6.337e-06	6.255e-06	6.169e-06	6.008e-06	5.834e-06	5.573e-06	5.743e-06	5.72e-06	5.818e-06	6.336e-06	5.823e-06	6.074e-06	6.064e-06	5.746e-06
22.62	6.364e-06	6.31e-06	6.479e-06	6.29e-06	5.983e-06	6.472e-06	6.337e-06	6.255e-06	6.169e-06	6.008e-06	5.834e-06	5.573e-06	5.743e-06	5.72e-06	5.818e-06	6.336e-06	5.823e-06	6.074e-06	6.064e-06	5.746e-06
22.64	6.364e-06	6.31e-06	6.479e-06	6.29e-06	5.983e-06	6.472e-06	6.337e-06	6.255e-06	6.169e-06	6.008e-06	5.834e-06	5.573e-06	5.743e-06	5.72e-06	5.818e-06	6.336e-06	5.823e-06	6.074e-06	6.064e-06	5.746e-06
22.66	6.364e-06	6.31e-06	6.479e-06	6.29e-06	5.983e-06	6.472e-06	6.337e-06	6.255e-06	6.169e-06	6.008e-06	5.834e-06	5.573e-06	5.743e-06	5.72e-06	5.818e-06	6.336e-06	5.823e-06	6.074e-06	6.064e-06	5.746e-06
22.68	6.364e-06	6.31e-06	6.479e-06	6.29e-06	5.983e-06	6.472e-06	6.337e-06	6.255e-06	6.169e-06	6.008e-06	5.834e-06	5.573e-06	5.743e-06	5.72e-06	5.818e-06	6.336e-06	5.823e-06	6.074e-06	6.064e-06	5.746e-06
22.7	6.301e-06	6.313e-06	6.539e-06	6.341e-06	5.921e-06	6.45e-06	6.271e-06	6.219e-06	6.198e-06	6.072e-06	5.759e-06	5.575e-06	5.754e-06	5.75e-06	5.811e-06	6.321e-06	5.952e-06	6.074e-06	6.036e-06	5.75e-06
22.72	6.301e-06	6.313e-06	6.539e-06	6.341e-06	5.921e-06	6.45e-06	6.271e-06	6.219e-06	6.198e-06	6.072e-06	5.759e-06	5.575e-06	5.754e-06	5.75e-06	5.811e-06	6.321e-06	5.952e-06	6.074e-06	6.036e-06	5.75e-06
22.74	6.301e-06	6.313e-06	6.539e-06	6.341e-06	5.921e-06	6.45e-06	6.271e-06	6.219e-06	6.198e-06	6.072e-06	5.759e-06	5.575e-06	5.754e-06	5.75e-06	5.811e-06	6.321e-06	5.952e-06	6.074e-06	6.036e-06	5.75e-06
22.76	6.301e-06	6.313e-06	6.539e-06	6.341e-06	5.921e-06	6.45e-06	6.271e-06	6.219e-06	6.198e-06	6.072e-06	5.759e-06	5.575e-06	5.754e-06	5.75e-06	5.811e-06	6.321e-06	5.952e-06	6.074e-06	6.036e-06	5.75e-06
22.78	6.301e-06	6.313e-06	6.539e-06	6.341e-06	5.921e-06	6.45e-06	6.271e-06	6.219e-06	6.198e-06	6.072e-06	5.759e-06	5.575e-06	5.754e-06	5.75e-06	5.811e-06	6.321e-06	5.952e-06	6.074e-06	6.036e-06	5.75e-06
22.8	6.301e-06	6.313e-06	6.539e-06	6.341e-06	5.921e-06	6.45e-06	6.271e-06	6.219e-06	6.198e-06	6.072e-06	5.759e-06	5.575e-06	5.754e-06	5.75e-06	5.811e-06	6.321e-06	5.952e-06	6.074e-06	6.036e-06	5.75e-06
22.82	6.301e-06	6.313e-06	6.539e-06	6.341e-06	5.921e-06	6.45e-06	6.271e-06	6.219e-06	6.198e-06	6.072e-06	5.759e-06	5.575e-06	5.754e-06	5.75e-06	5.811e-06	6.321e-06	5.952e-06	6.074e-06	6.036e-06	5.75e-06
22.84	6.301e-06	6.313e-06	6.539e-06	6.341e-06	5.921e-06	6.45e-06	6.271e-06	6.219e-06	6.198e-06	6.072e-06	5.759e-06	5.575e-06	5.754e-06	5.75e-06	5.811e-06	6.321e-06	5.952e-06	6.074e-06	6.036e-06	5.75e-06
22.86	6.301e-06	6.313e-06	6.539e-06	6.341e-06	5.921e-06	6.45e-06	6.271e-06	6.219e-06	6.198e-06	6.072e-06	5.759e-06	5.575e-06	5.754e-06	5.75e-06	5.811e-06	6.321e-06	5.952e-06	6.074e-06	6.036e-06	5.75e-06
22.88	6.301e-06	6.313e-06	6.539e-06	6.341e-06	5.921e-06	6.45e-06	6.271e-06	6.219e-06	6.198e-06	6.072e-06	5.759e-06	5.575e-06	5.754e-06	5.75e-06	5.811e-06	6.321e-06	5.952e-06	6.074e-06	6.036e-06	5.75e-06
22.9	6.33e-06	6.297e-06	6.504e-06	6.402e-06	6.551e-06	6.482e-06	6.396e-06	6.161e-06	6.148e-06	6.047e-06	5.8e-06	5.576e-06	5.744e-06	5.666e-06	5.848e-06	6.267e-06	6.236e-06	6.132e-06	6.067e-06	5.836e-06
22.92	6.33e-06	6.297e-06	6.504e-06	6.402e-06	6.551e-06	6.482e-06	6.396e-06	6.161e-06	6.148e-06	6.047e-06	5.8e-06	5.576e-06	5.744e-06	5.666e-06	5.848e-06	6.267e-06	6.236e-06	6.132e-06	6.067e-06	5.836e-06
22.94	6.33e-06	6.297e-06	6.504e-06	6.402e-06	6.551e-06	6.482e-06	6.396e-06	6.161e-06	6.148e-06	6.047e-06	5.8e-06	5.576e-06	5.744e-06	5.666e-06	5.848e-06	6.267e-06	6.236e-06	6.132e-06	6.067e-06	5.836e-06
22.96	6.33e-06	6.297e-06	6.504e-06	6.402e-06	6.551e-06	6.482e-06	6.396e-06	6.161e-06	6.148e-06	6.047e-06	5.8e-06	5.576e-06	5.744e-06	5.666e-06	5.848e-06	6.267e-06	6.236e-06	6.132e-06	6.067e-06	5.836e-06
22.98	6.33e-06	6.297e-06	6.504e-06	6.402e-06	6.551e-06	6.482e-06	6.396e-06	6.161e-06	6.148e-06	6.047e-06	5.8e-06	5.576e-06	5.744e-06	5.666e-06	5.848e-06	6.267e-06	6.236e-06	6.132e-06	6.067e-06	5.836e-06
23	6.33e-06	6.297e-06	6.504e-06	6.402e-06	6.551e-06	6.482e-06	6.396e-06	6.161e-06	6.148e-06	6.047e-06	5.8e-06	5.576e-06	5.744e-06	5.666e-06	5.848e-06	6.267e-06	6.236e-06	6.132e-06	6.067e-06	5.836e-06
23.02	6.33e-06	6.297e-06	6.504e-06	6.402e-06	6.551e-06	6.482e-06	6.396e-06	6.161e-06	6.148e-06	6.047e-06	5.8e-06	5.576e-06	5.744e-06	5.666e-06	5.848e-06	6.267e-06	6.236e-06	6.132e-06	6.067e-06	5.836e-06
23.04	6.33e-06	6.297e-06	6.504e-06	6.402e-06	6.551e-06	6.482e-06	6.396e-06	6.161e-06	6.148e-06	6.047e-06	5.8e-06	5.576e-06	5.744e-06	5.666e-06	5.848e-06	6.267e-06	6.236e-06	6.132e-06	6.067e-06	5.836e-06
23.06	6.33e-06	6.297e-06	6.504e-06	6.402e-06	6.551e-06	6.482e-06	6.396e-06	6.161e-06	6.148e-06	6.047e-06	5.8e-06	5.576e-06	5.744e-06	5.666e-06	5.848e-06	6.267e-06	6.236e-06	6.132e-06	6.067e-06	5.836e-06
23.08	6.33e-06	6.297e-06	6.504e-06	6.402e-06	6.551e-06	6.482e-06	6.396e-06	6.161e-06	6.148e-06	6.047e-06	5.8e-06	5.576e-06	5.744e-06	5.666e-06	5.848e-06	6.267e-06	6.236e-06	6.132e-06	6.067e-06	5.836e-06
23.1	6.362e-06	6.248e-06	6.468e-06	6.308e-06	6.498e-06	6.535e-06	6.349e-06	6.183e-06	6.084e-06	6.094e-06	5.798e-06	5.584e-06	5.691e-06	5.627e-06	5.756e-06	6.348e-06	6.2e-06	6.118e-06	6.048e-06	5.843e-06
