# SCAN started at: 2018-05-22 15:52:29
# Elen_Scan Mass: 40.6 Resolution: 30
# ----------------------------------------
# 
18.1	-38.71	-51.29	-50.81	-52.87	-53.97	-49.31	-50.04	-50.82	-52.3	-52.42	-50.04	-51.02	-50.78	-50.22	-54.55	-53.78	-50.82	-49.91	-52.14	-53.45
18.12	-56.18	-54.89	-51.76	-56.77	-52.06	-53.91	-52.84	-53.69	-52.94	-52.39	-56.68	-55.49	-56.47	-55.73	-52.05	-52.98	-55.68	-56.26	-53.81	-52.45
18.14	-55.45	-54.5	-51.46	-56.75	-52.47	-54.53	-52.27	-54.43	-53.7	-52.96	-56.83	-56.22	-56.08	-55.17	-51.76	-52.62	-56.12	-55.62	-53.09	-52.05
18.16	-55.43	-54.49	-51.46	-56.66	-52.44	-54.4	-52.36	-54.75	-53.75	-52.96	-56.94	-56.48	-55.92	-54.92	-51.68	-52.71	-56.05	-55.5	-53.05	-52.1
18.18	-55.23	-54.35	-51.56	-56.8	-52.62	-54.25	-52.31	-54.91	-53.82	-53.07	-57.1	-56.51	-55.88	-54.75	-51.79	-52.89	-56.14	-55.54	-52.88	-52.12
18.2	-50.86	-54.38	-51.53	-56.95	-52.59	-54.12	-52.48	-55.1	-53.92	-53.02	-56.94	-56.66	-55.62	-54.44	-51.81	-52.98	-56.21	-55.08	-52.73	-52.07
18.22	-50.92	-54.32	-51.65	-56.76	-52.8	-54.04	-52.38	-55.22	-53.85	-52.91	-57	-56.66	-55.45	-54.23	-51.78	-53.15	-56.11	-55.17	-52.74	-52.06
18.24	-51.48	-54.88	-51.59	-56.94	-52.75	-53.83	-52.35	-55.44	-53.92	-53.1	-56.8	-56.76	-55.29	-54.66	-51.74	-53.17	-56.15	-54.87	-52.55	-52.12
18.26	-56.02	-54.89	-51.56	-56.83	-52.73	-53.88	-52.36	-55.54	-53.92	-52.95	-56.94	-56.94	-55.08	-53.83	-51.67	-53.36	-56.02	-54.84	-52.65	-52.13
18.28	-55.93	-54.75	-51.62	-56.85	-52.87	-53.58	-52.76	-55.69	-54.04	-53.1	-56.95	-56.96	-54.94	-53.64	-51.72	-53.46	-55.99	-54.76	-52.24	-52.13
18.3	-51.83	-54.44	-51.56	-56.92	-52.89	-53.48	-52.3	-55.83	-54.01	-53.02	-56.88	-56.96	-54.66	-53.36	-51.71	-53.54	-56.08	-54.58	-52.42	-52.03
18.32	-54.44	-51.58	-51.61	-51.76	-53.65	-55.56	-52.02	-56.24	-54.05	-52.86	-52.1	-56.77	-55.4	-52.65	-51.72	-55.24	-56.09	-54.15	-52.2	-52.07
18.34	-54.27	-51.51	-51.62	-51.71	-53.3	-55.48	-52.68	-56.29	-54.03	-53.03	-52.11	-56.81	-54.84	-52.47	-51.74	-53.96	-55.99	-53.74	-52.68	-52.18
18.36	-54.11	-54.02	-51.53	-51.59	-53.24	-55.56	-52.26	-56.29	-53.97	-53.01	-52.28	-56.85	-55.58	-52.43	-51.61	-54.44	-55.94	-53.65	-52.26	-52.31
18.38	-54.15	-53.99	-51.57	-51.73	-53.57	-55.68	-52.15	-56.39	-54.14	-53.24	-52.27	-56.75	-55.85	-52.24	-51.77	-54.39	-55.89	-53.5	-52.23	-52.29
18.4	-53.92	-54.08	-51.51	-51.62	-53.54	-55.72	-52.26	-56.4	-54.03	-53.24	-52.45	-56.7	-55.99	-52.26	-51.69	-54.32	-56.04	-53.41	-52.2	-52.18
18.42	-53.94	-54.1	-51.63	-51.75	-53.8	-55.68	-52.19	-56.42	-54.02	-53.21	-52.45	-56.49	-56.12	-52.65	-51.79	-54.36	-56.03	-53.12	-52.22	-52.29
18.44	-53.92	-54.06	-51.56	-51.7	-53.78	-55.83	-52.25	-56.49	-54.04	-53.34	-52.51	-56.17	-56.33	-52.21	-51.73	-54.33	-56.08	-52.9	-52.15	-52.24
18.46	-53.82	-54.11	-51.52	-51.63	-53.75	-55.77	-52.24	-55.99	-54.03	-53.41	-52.65	-56.38	-56.4	-51.98	-51.62	-54.21	-55.97	-52.8	-52.22	-52.39
18.48	-53.79	-54.11	-51.57	-51.7	-54.02	-55.82	-52.17	-56.53	-54.11	-53.59	-52.61	-56.17	-56.52	-51.87	-51.66	-54.24	-56.01	-52.56	-52.11	-52.37
18.5	-53.62	-54.26	-51.52	-51.62	-54.03	-55.73	-52.3	-56.52	-54.16	-53.62	-53.02	-56.12	-56.71	-51.88	-51.62	-54.24	-56.04	-52.43	-52.12	-52.3
18.52	-54.04	-51.53	-51.79	-51.71	-54.76	-55.63	-52.18	-56.74	-54.3	-54.31	-53.77	-55.14	-56.86	-51.71	-51.67	-53.99	-52.28	-56.47	-52.03	-52.16
18.54	-53.31	-56.6	-51.7	-51.73	-54.53	-55.99	-52.48	-56.73	-54.34	-54.31	-53.66	-55.45	-56.89	-51.47	-51.67	-53.91	-52.14	-56.85	-52.12	-52.26
18.56	-53.25	-53.51	-51.69	-51.62	-54.49	-55.91	-52.71	-56.7	-54.36	-54.29	-53.73	-55.34	-56.78	-51.61	-51.65	-53.84	-52.24	-56.72	-52.2	-52.35
18.58	-53.11	-53.45	-51.77	-51.74	-54.67	-55.96	-52.52	-56.7	-54.44	-54.17	-53.86	-55.18	-56.82	-51.57	-51.67	-53.61	-52.2	-56.9	-52.28	-52.3
18.6	-53.03	-53.32	-51.74	-51.74	-54.71	-55.9	-52.7	-56.7	-54.46	-54.06	-54.02	-55.26	-56.9	-51.85	-51.57	-54.14	-52.12	-56.89	-52.14	-52.2
18.62	-52.84	-53.19	-51.89	-51.85	-54.75	-55.91	-52.79	-56.64	-54.43	-53.9	-54.1	-55.03	-56.69	-51.73	-51.65	-53.36	-52.19	-56.86	-52.16	-52.26
18.64	-52.83	-53.69	-51.94	-51.86	-54.26	-55.99	-52.92	-56.54	-53.97	-53.66	-53.76	-55	-56.72	-51.52	-51.61	-53.3	-52.57	-56.88	-52.15	-52.68
18.66	-52.76	-52.91	-51.94	-51.75	-54.86	-55.86	-53.05	-56.72	-54.54	-53.58	-54.36	-54.99	-56.54	-51.72	-51.55	-53.12	-52.07	-56.79	-52.18	-52.26
18.68	-52.73	-52.83	-52.11	-51.81	-55.03	-55.94	-53.04	-56.74	-54.63	-53.46	-54.44	-55	-56.51	-51.75	-51.76	-53.08	-52.15	-56.73	-52.24	-52.15
18.7	-52.64	-53.2	-51.99	-53.12	-55.26	-55.75	-53.24	-56.7	-54.56	-53.41	-54.55	-55.01	-56.43	-51.98	-51.73	-52.86	-51.99	-56.66	-52.12	-52.28
18.72	-52.59	-54.59	-52.79	-51.83	-55.73	-55.58	-53.51	-56.73	-53.51	-53.04	-55.12	-54.66	-55.74	-52.39	-51.77	-52.34	-56.67	-56.02	-52	-55.54
18.74	-52.16	-52.16	-52.7	-51.95	-55.46	-55.86	-53.89	-56.76	-53.76	-52.71	-55.05	-55.03	-55.5	-52.54	-51.97	-52.08	-56.6	-56.12	-52.11	-56.59
18.76	-52.19	-52.04	-52.82	-51.86	-55.72	-55.84	-54.09	-56.71	-53.75	-52.61	-55.04	-55.01	-55.15	-52.81	-52.03	-52.04	-56.64	-55.87	-52.08	-56.52
18.78	-52.02	-51.84	-52.88	-52.02	-55.67	-55.88	-54.15	-56.65	-53.65	-52.49	-55.13	-55.04	-55.04	-52.81	-52.18	-51.91	-56.3	-55.74	-52.19	-56.58
18.8	-52.01	-51.8	-52.96	-51.93	-55.81	-55.79	-54.28	-56.53	-53.61	-52.52	-55.22	-55.15	-54.73	-53.2	-52.23	-51.8	-56.59	-55.41	-52	-56.49
18.82	-52.01	-51.72	-53.33	-52	-55.78	-55.87	-54.46	-56.63	-53.45	-52.92	-55.26	-55.12	-54.48	-53.29	-52.29	-51.72	-56.69	-55.22	-51.94	-56.66
18.84	-51.9	-51.7	-53.31	-51.99	-55.88	-55.95	-54.48	-56.77	-53.4	-52.23	-55.37	-55.16	-54.49	-53.4	-52.44	-51.62	-56.64	-55.13	-51.88	-56.63
18.86	-51.92	-51.6	-53.64	-51.85	-55.99	-55.86	-54.67	-56.68	-53.38	-52.24	-55.38	-55.34	-53.96	-53.68	-52.47	-51.65	-56.76	-54.73	-51.92	-56.53
18.88	-51.82	-51.45	-53.01	-51.94	-55.97	-55.95	-54.79	-56.74	-53.18	-52.09	-55.44	-55.33	-53.79	-53.74	-52.69	-51.57	-56.64	-54.51	-51.79	-56.62
18.9	-51.91	-51.54	-53.78	-51.95	-56.09	-55.93	-54.95	-56.67	-53.11	-52.06	-55.41	-55.55	-53.49	-54.04	-52.83	-51.65	-56.79	-54.13	-51.72	-56.63
18.92	-56.04	-56.53	-54.74	-52.08	-56.41	-56.44	-54.97	-56.77	-52.75	-51.79	-55.94	-55.5	-52.76	-54.68	-52.95	-56.64	-56.75	-52.74	-51.57	-56.58
18.94	-55.92	-56.63	-54.02	-52.04	-56.32	-56.61	-55.11	-56.84	-53.09	-51.77	-55.74	-56.21	-52.45	-54.8	-53.9	-56.6	-56.77	-53.15	-51.54	-56.62
18.96	-55.87	-56.58	-54.8	-51.97	-56.47	-56.3	-55.3	-56.67	-52.49	-51.73	-55.8	-55.82	-52.36	-54.88	-53.42	-56.42	-56.7	-52.89	-51.6	-56.67
18.98	-55.83	-56.63	-54.9	-52.07	-56.4	-56.41	-55.22	-56.71	-52.3	-51.58	-55.86	-55.83	-52.34	-55.05	-53.49	-56.4	-56.83	-52.13	-51.53	-56.58
19	-56.02	-56.55	-54.99	-52.01	-56.47	-56.32	-55.22	-56.66	-52.35	-51.69	-55.11	-55.96	-52.03	-55.18	-53.61	-56.53	-56.62	-51.92	-51.56	-56.73
19.02	-55.85	-56.57	-55.07	-52.15	-56.42	-56.46	-55.31	-56.67	-52.2	-51.73	-55.87	-55.9	-51.95	-55.28	-53.5	-56.26	-56.7	-51.86	-51.58	-56.54
19.04	-56	-56.62	-55.22	-52.53	-56.55	-56.59	-55.12	-56.8	-52.11	-51.69	-55.97	-56.01	-51.84	-55.41	-53.58	-56.2	-56.55	-51.63	-51.52	-56.63
19.06	-55.92	-56.49	-55.39	-51.98	-56.57	-56.56	-55.18	-56.65	-52.07	-51.69	-55.98	-56.02	-51.87	-55.56	-53.62	-55.94	-56.56	-51.69	-51.66	-56.62
19.08	-55.98	-56.67	-55.43	-52.01	-56.51	-56.65	-55.17	-56.69	-51.9	-51.66	-55.97	-56.01	-51.75	-55.7	-53.67	-55.96	-56.58	-51.56	-51.6	-56.54
19.1	-56.06	-56.49	-55.54	-51.93	-56.58	-56.54	-55.13	-56.51	-51.96	-51.77	-55.82	-56.09	-51.67	-55.75	-53.65	-55.94	-56.51	-51.61	-51.7	-53.95
19.12	-55.79	-56.4	-56.12	-51.8	-56.55	-56.72	-54.49	-56.36	-51.82	-51.76	-56.21	-55.9	-51.77	-51.52	-53.28	-55.63	-52.26	-51.91	-52.13	-55.99
19.14	-56.03	-56.55	-56.01	-51.95	-56.63	-56.85	-54.64	-56.54	-51.81	-52.08	-56.15	-56.15	-51.78	-51.62	-53.6	-55.39	-51.97	-51.73	-51.68	-56.59
19.16	-56.14	-56.49	-56.29	-51.9	-56.62	-56.78	-54.64	-56.39	-51.76	-52.01	-56.05	-56.19	-51.97	-51.6	-53.57	-55.34	-52.2	-51.92	-52.14	-56.58
19.18	-56.04	-56.55	-56.26	-51.9	-56.63	-56.76	-54.48	-56.4	-51.58	-52.05	-56.08	-56.4	-52.03	-51.44	-53.57	-55.14	-52.15	-51.92	-52.27	-56.52
19.2	-56.1	-56.49	-56.44	-51.83	-56.65	-56.61	-54.37	-56.26	-51.74	-52.19	-56.08	-56.18	-52.05	-51.32	-53.54	-55.1	-52.37	-52.23	-52.45	-56.66
19.22	-55.78	-56.52	-56.36	-51.89	-56.23	-56.53	-54.34	-56.23	-51.62	-52.19	-56.16	-56.03	-52.28	-51.43	-53.5	-55.02	-52.55	-52.23	-52.58	-56.49
19.24	-56.12	-56.55	-56.43	-52.21	-56.57	-56.57	-54.63	-56.27	-51.74	-52.13	-56.25	-56.04	-51.97	-51.4	-53.51	-55.51	-52.53	-52.27	-52.13	-56.57
19.26	-56.15	-56.55	-56.56	-51.63	-56.63	-56.31	-53.94	-56.07	-51.63	-52.52	-56.17	-56.08	-52.54	-51.47	-53.4	-54.97	-52.72	-52.62	-52.9	-56.47
19.28	-56.08	-56.58	-56.54	-51.79	-56.53	-56.23	-53.77	-56.1	-51.5	-52.57	-56.26	-56.03	-52.62	-51.42	-53.38	-54.79	-52.77	-52.53	-52.83	-56.44
19.3	-56.11	-56.43	-56.65	-51.7	-56.58	-55.95	-53.6	-55.87	-51.6	-52.78	-56.09	-56.05	-52.72	-51.39	-53.37	-54.83	-53.07	-52.75	-53.31	-56.49
19.32	-51.4	-56.44	-56.45	-51.59	-56.52	-55.51	-52.59	-55.24	-51.64	-53.26	-56.45	-55.63	-53.6	-51.52	-53	-53.16	-54.03	-53.62	-54.22	-51.74
19.34	-51.39	-56.56	-56.51	-51.65	-56.41	-55.15	-52.77	-55.36	-51.8	-53.63	-56.35	-55.83	-53.85	-51.5	-53.21	-53.33	-54.26	-53.37	-54.11	-51.83
19.36	-51.38	-56.46	-56.45	-51.57	-56.49	-54.86	-52.64	-55.19	-51.78	-53.88	-56.22	-55.84	-53.59	-51.69	-53.05	-53.35	-53.96	-53.65	-54.28	-51.78
19.38	-51.34	-56.55	-56.42	-51.69	-56.24	-54.8	-52.23	-55.15	-51.74	-53.99	-56.31	-55.73	-54.41	-51.69	-53.08	-53.26	-53.63	-53.72	-54.46	-51.94
19.4	-51.34	-56.33	-56.33	-51.63	-56.28	-53.99	-52.25	-54.83	-51.91	-54.13	-56.25	-55.79	-54.6	-51.7	-52.98	-53.35	-53.73	-53.98	-54.75	-51.86
19.42	-51.26	-56.42	-56.31	-51.7	-56.09	-54.42	-52.07	-54.8	-51.96	-54.37	-56.28	-55.55	-54.82	-51.79	-52.97	-53.24	-53.69	-54.19	-54.89	-52.02
19.44	-51.4	-56.46	-56.41	-51.51	-56.07	-54.33	-51.93	-54.66	-52.1	-54.58	-56.41	-55.54	-55.03	-51.75	-52.96	-53.39	-53.06	-54.28	-55.15	-51.95
19.46	-51.35	-56.34	-56.24	-51.48	-56.14	-54.16	-51.84	-54.56	-52.13	-54.64	-56.39	-55.51	-55.27	-51.96	-52.78	-53.27	-53.13	-54.47	-55.22	-51.95
19.48	-51.26	-56.36	-56.28	-51.58	-56.04	-54.03	-51.62	-54.47	-52.16	-54.84	-56.45	-55.44	-55.37	-51.91	-52.88	-53.18	-53	-54.67	-55.46	-52.1
19.5	-51.3	-56.12	-56.36	-51.7	-55.94	-53.98	-51.62	-54.2	-52.31	-54.94	-56.4	-55.5	-55.77	-51.94	-52.83	-53.12	-53.01	-54.86	-55.67	-52.02
19.52	-51.57	-55.83	-55.88	-51.55	-55.45	-53.82	-51.24	-54.27	-52.49	-55.46	-56.37	-54.83	-56.46	-51.93	-52.42	-54.58	-55.22	-55.86	-56.27	-55.72
19.54	-51.3	-55.74	-56.07	-51.58	-55.45	-53.53	-51.36	-53.94	-52.89	-55.66	-56.57	-55.11	-56.64	-51.81	-52.7	-55.07	-55.75	-55.93	-56.32	-55.55
19.56	-51.4	-55.58	-55.95	-51.55	-55.54	-53.42	-51.28	-53.85	-52.87	-55.78	-56.5	-54.9	-56.59	-52.48	-52.45	-55.08	-55.9	-55.94	-56.3	-55.53
19.58	-51.24	-55.38	-55.97	-51.68	-55.37	-53.32	-51.24	-53.9	-52.94	-55.98	-56.55	-54.79	-56.65	-52.58	-52.68	-55.18	-55.9	-56.08	-56.39	-55.34
19.6	-51.24	-55.19	-56.03	-51.48	-55.24	-53.22	-51.38	-54.37	-53.08	-55.97	-56.52	-54.82	-56.75	-52.67	-52.69	-55.1	-56.01	-56.21	-56.41	-55.32
19.62	-51.25	-55.07	-55.82	-51.64	-55.23	-53.19	-51.29	-53.97	-53.05	-56.08	-56.54	-54.52	-56.59	-52.72	-52.74	-55.35	-56.06	-56.26	-56.43	-55.48
19.64	-51.16	-54.88	-55.84	-51.56	-55.19	-53.22	-51.46	-53.76	-53.18	-56.15	-56.64	-54.38	-56.51	-52.75	-52.76	-55.44	-56.11	-56.41	-56.43	-55.27
19.66	-51.23	-54.76	-55.75	-51.87	-54.97	-53.12	-51.5	-53.8	-53.17	-56.27	-56.55	-54.17	-56.34	-52.98	-52.68	-55.41	-56.28	-56.35	-56.3	-55.35
19.68	-51.19	-54.6	-55.66	-51.53	-55.12	-53.04	-51.43	-53.86	-53.17	-56.4	-56.67	-54.04	-56.23	-52.97	-52.77	-55.6	-56.24	-56.62	-56.28	-55.13
19.7	-51.15	-54.48	-55.71	-51.54	-55.02	-52.96	-51.6	-53.69	-53.2	-56.35	-56.52	-53.93	-56.1	-53.25	-52.75	-55.48	-56.29	-56.49	-56.13	-55.17
19.72	-55.95	-54.23	-55.66	-51.4	-55.13	-52.82	-52.09	-53.35	-53.55	-56.53	-56.4	-52.92	-55.4	-53.59	-53.08	-52.25	-51.45	-56.57	-55.77	-53
19.74	-56.24	-53.94	-55.4	-51.43	-54.87	-52.68	-52.09	-53.52	-53.39	-56.5	-56.46	-53.04	-55.09	-53.8	-53	-51.86	-51.51	-56.63	-55.81	-52.43
19.76	-56.3	-53.7	-55.29	-51.24	-54.83	-52.64	-52.1	-54.17	-53.47	-56.5	-56.41	-52.73	-54.79	-53.99	-52.95	-51.99	-51.42	-56.49	-55.65	-52.83
19.78	-56.27	-53.58	-55.3	-51.38	-54.83	-52.43	-52.28	-53.56	-53.28	-56.61	-56.41	-52.63	-54.52	-54.04	-53.03	-51.88	-51.57	-56.5	-55.54	-52.71
19.8	-56.38	-53.49	-55.44	-51.26	-54.75	-52.52	-52.5	-53.41	-53.26	-56.48	-56.35	-52.42	-54.22	-54.26	-53.02	-51.7	-51.46	-56.52	-55.28	-52.79
19.82	-56.1	-53.39	-55.25	-51.34	-54.79	-52.41	-52.39	-53.43	-53.22	-56.35	-56.32	-52.32	-54.07	-54.3	-53.05	-51.81	-51.35	-56.55	-55.07	-52.74
19.84	-56.35	-53.41	-55.75	-51.28	-54.78	-52.01	-52.59	-53.34	-52.85	-56.35	-56.22	-52.58	-53.68	-54.43	-53.65	-51.68	-51.42	-56.62	-55.04	-52.96
19.86	-56.32	-53.37	-55.21	-51.26	-54.82	-52.32	-52.66	-53.31	-53.22	-56.33	-56.17	-51.88	-53.54	-54.47	-52.98	-51.78	-51.36	-56.46	-54.71	-52.86
19.88	-56.32	-53.18	-55.19	-51.23	-54.81	-52.21	-52.8	-53.26	-52.6	-56.41	-56.14	-51.8	-53.39	-54.61	-53.14	-51.69	-51.53	-56.49	-54.59	-52.6
19.9	-56.36	-53.16	-55.3	-51.2	-54.74	-52.28	-52.99	-53.18	-53.18	-56.22	-56.01	-51.65	-53.08	-54.91	-53.08	-51.44	-51.51	-56.35	-54.19	-52.84
19.92	-51.01	-52.95	-54.96	-51.25	-54.97	-52.32	-53.66	-52.73	-53.32	-56.21	-55.67	-51.37	-52.44	-54.94	-52.78	-55.95	-56.17	-56.35	-53.03	-53.27
19.94	-50.95	-52.97	-55.37	-51.29	-54.76	-52.2	-53.55	-52.76	-52.55	-55.92	-55.63	-51.32	-52.14	-54.74	-53.02	-55.99	-56.21	-56.46	-53.08	-52.85
19.96	-50.88	-52.92	-55.74	-51.16	-54.86	-52.2	-53.58	-52.75	-52.94	-56.01	-55.61	-51.29	-52.04	-55.36	-52.89	-56.08	-56.05	-56.3	-52.98	-53.03
19.98	-51.02	-52.71	-55.28	-51.22	-54.73	-52.09	-53.73	-52.7	-52.9	-55.96	-55.7	-51.35	-51.86	-55.52	-53.01	-55.98	-56.2	-56.41	-52.84	-52.94
20	-50.93	-52.13	-55.38	-51.18	-54.66	-52.23	-53.74	-52.68	-52.82	-55.77	-55.54	-51.32	-51.66	-55.66	-52.98	-55.99	-56.04	-56.2	-52.52	-52.85
20.02	-51.02	-52.69	-55.28	-51.37	-54.71	-52.12	-53.69	-52.6	-52.62	-55.81	-55.41	-51.38	-51.65	-55.7	-52.96	-55.94	-56.05	-56.22	-52.35	-52.99
20.04	-50.95	-52.81	-55.41	-51.26	-54.68	-52.17	-53.82	-52.48	-52.74	-55.66	-55.14	-51.58	-51.53	-55.89	-53	-55.89	-55.82	-56.31	-52.16	-53
20.06	-50.97	-52.67	-55.34	-51.4	-54.71	-52.23	-53.76	-52.45	-52.63	-55.66	-55.14	-51.62	-51.52	-55.87	-52.86	-55.92	-55.83	-56.22	-52.08	-53.19
20.08	-51.12	-52.61	-55.38	-51.49	-54.68	-52.07	-53.88	-52.4	-52.48	-55.63	-55.11	-51.77	-51.36	-56	-52.84	-55.84	-56.1	-56.27	-52.25	-53.11
20.1	-51.11	-52.66	-55.49	-51.38	-54.57	-52.14	-53.92	-52.4	-52.45	-55.46	-54.85	-51.86	-51.28	-56.2	-52.73	-55.91	-55.6	-56.08	-51.79	-51.82
20.12	-55.96	-52.89	-55.13	-51.88	-54.66	-52.19	-53.78	-52.11	-52.32	-55.6	-54.1	-53.2	-51.4	-56.34	-52.42	-51.69	-52.59	-55.84	-51.52	-52.24
20.14	-55.69	-52.69	-55.43	-51.9	-54.35	-52.12	-53.98	-52.11	-52.17	-54.93	-54.12	-53.14	-51.49	-56.29	-52.66	-51.89	-52.69	-56	-51.68	-55.59
20.16	-55.7	-52.76	-55.33	-52.04	-54.36	-52.1	-53.87	-52.02	-52.08	-54.92	-54.15	-53.52	-51.58	-56.2	-52.5	-51.83	-52.88	-55.77	-51.35	-51.44
20.18	-55.5	-52.56	-55.77	-52.18	-54.21	-52	-53.98	-52.01	-51.96	-54.83	-54.04	-53.73	-51.63	-56.29	-52.55	-52.11	-52.96	-55.77	-51.31	-51.71
20.2	-55.48	-52.6	-55.52	-52.02	-54.08	-52.12	-53.88	-52.02	-51.96	-54.73	-53.97	-53.94	-51.8	-56.31	-52.42	-52.06	-53.25	-55.59	-51.28	-53.29
20.22	-55.53	-52.46	-55.39	-52.39	-54.01	-51.99	-53.83	-51.91	-51.83	-54.63	-53.87	-54.26	-52.01	-56.11	-52.43	-52.15	-53.39	-55.57	-51.25	-52.77
20.24	-55.31	-52.65	-55.52	-52.37	-53.98	-52.12	-53.9	-51.81	-51.93	-54.5	-53.59	-54.45	-52	-56.13	-52.27	-52.22	-53.53	-55.48	-51.19	-56.13
20.26	-55.33	-52.51	-55.4	-52.55	-54.03	-52.08	-53.87	-51.88	-51.85	-54.49	-53.59	-54.83	-52.32	-55.98	-52.12	-52.17	-53.78	-55.77	-51.2	-53.94
20.28	-55.11	-52.36	-55.45	-52.74	-53.84	-51.95	-53.93	-52.05	-51.81	-54.44	-53.5	-54.97	-52.42	-55.97	-52.1	-52.47	-53.92	-55.25	-51.15	-53.82
20.3	-55.05	-52.36	-55.65	-52.7	-53.75	-52.07	-53.86	-51.81	-51.89	-54.3	-54.19	-55.3	-52.81	-55.87	-51.95	-52.32	-54.28	-54.96	-51.25	-53.7
20.32	-54.48	-52.39	-55.5	-53.5	-53.92	-52.15	-53.98	-51.7	-51.79	-51.36	-52.7	-56.25	-54.54	-54.95	-51.46	-54.72	-55.28	-54.19	-51.25	-53.88
20.34	-54.63	-52.18	-55.78	-52.64	-53.47	-52	-53.73	-51.7	-51.7	-53.7	-52.77	-56.23	-54.64	-54.99	-51.45	-54.42	-55.25	-54.28	-51.09	-53.71
20.36	-54.63	-52.03	-55.74	-53.46	-53.4	-51.9	-53.68	-51.76	-51.62	-53.69	-52.82	-56.42	-54.85	-54.7	-51.28	-54.47	-55.3	-54.02	-51.25	-53.91
20.38	-54.33	-51.83	-55.83	-53.63	-53.47	-51.86	-53.62	-51.6	-51.53	-53.72	-52.7	-56.4	-55.26	-54.57	-51.33	-54.29	-55.52	-53.91	-51.16	-53.86
20.4	-54.37	-51.88	-55.98	-53.62	-53.27	-51.88	-53.52	-51.67	-51.6	-53.79	-52.76	-56.47	-55.52	-54.34	-51.18	-54.19	-55.63	-53.67	-51.2	-53.75
20.42	-54.37	-51.4	-55.89	-53.82	-52.74	-51.88	-53.41	-52.15	-51.46	-53.77	-53.2	-56.33	-55.8	-54.71	-51.29	-54.12	-55.37	-53.55	-51.29	-53.22
20.44	-54.19	-51.77	-56.06	-53.93	-53.22	-51.86	-53.42	-51.57	-51.66	-53.78	-52.49	-56.33	-56.04	-54.19	-51.1	-53.85	-56.07	-53.34	-51.09	-53.82
20.46	-54.1	-51.73	-55.84	-54.2	-53.12	-51.87	-53.28	-51.67	-51.61	-53.81	-52.58	-56.3	-56.07	-53.75	-51.03	-53.83	-56.01	-53.2	-51.25	-53.93
20.48	-53.89	-51.52	-55.93	-54.25	-53.09	-51.74	-53.28	-51.69	-51.44	-53.89	-52.44	-56.32	-56.29	-53.49	-51.14	-53.63	-56.25	-52.98	-51.21	-53.83
20.5	-53.86	-51.55	-56.1	-54.31	-53.02	-51.85	-53.21	-51.72	-51.46	-53.82	-53.25	-56.03	-56.31	-53.27	-51.04	-53.53	-56.12	-52.75	-51.45	-53.78
20.52	-53.31	-51.53	-55.92	-55.17	-52.85	-51.8	-53.15	-51.61	-51.58	-53.43	-52.16	-54.71	-51.22	-52.14	-51.33	-54.37	-56.12	-51.99	-51.92	-54.04
20.54	-53.5	-51.37	-56.14	-55.09	-52.88	-51.64	-52.93	-51.9	-51.56	-53.48	-52.42	-54.79	-51.39	-52.21	-51.22	-54.61	-56.25	-51.87	-51.73	-53.79
20.56	-53.4	-51.35	-56.08	-55.29	-52.92	-51.56	-52.75	-52.11	-51.49	-53.5	-52.47	-54.31	-51.49	-52.27	-51.24	-54.82	-56.1	-51.85	-52.05	-53.9
20.58	-53.2	-51.25	-56.12	-55.35	-52.91	-51.55	-52.86	-52.14	-51.47	-53.44	-52.32	-54.08	-51.62	-51.98	-51.31	-54.95	-56.15	-51.6	-52.23	-53.87
20.6	-53.22	-51.25	-56.16	-55.53	-52.77	-51.66	-52.75	-52.29	-51.54	-53.35	-52.46	-53.8	-51.57	-51.82	-51.24	-55.04	-55.94	-51.52	-52.6	-53.67
20.62	-53.14	-51.23	-56.06	-55.47	-52.82	-51.64	-52.67	-52.35	-51.45	-53.45	-52.4	-53.44	-51.89	-51.7	-51.3	-55.21	-55.86	-51.43	-52.93	-53.17
20.64	-53.09	-51.29	-56.16	-55.64	-52.74	-51.66	-52.64	-52.38	-51.58	-53.38	-52.29	-53.15	-51.96	-51.57	-51.43	-55.42	-55.85	-51.22	-53.27	-53.88
20.66	-52.99	-51.26	-56.1	-55.83	-52.78	-51.68	-52.55	-52.58	-51.55	-53.38	-52.31	-52.72	-51.73	-51.64	-51.5	-55.53	-55.7	-51.27	-53.64	-53.95
20.68	-52.85	-51.11	-56.09	-55.81	-52.8	-51.56	-52.64	-52.67	-51.47	-53.29	-52.19	-52.48	-52.26	-51.41	-51.53	-55.87	-55.66	-51.15	-53.97	-53.86
20.7	-52.82	-51.21	-56.39	-55.87	-52.65	-51.41	-52.54	-52.8	-51.57	-53.32	-52.23	-52.19	-52.3	-51.3	-51.54	-55.65	-55.44	-51.22	-54.37	-54.02
20.72	-52.29	-51.18	-56.05	-56.16	-53.19	-51.65	-52.65	-54.29	-51.53	-53.14	-51.89	-51.52	-53.35	-51.01	-51.86	-51.18	-54.74	-51.22	-55.83	-54.43
20.74	-52.58	-51.16	-56.13	-56.2	-52.86	-51.85	-52.41	-53.39	-51.67	-53.39	-52.05	-51.2	-53.29	-51.06	-51.91	-51.23	-55.07	-51.2	-55.98	-54.2
20.76	-52.58	-51.09	-56.04	-56.24	-53	-51.93	-52.36	-53.54	-51.68	-53.42	-51.95	-51.23	-53.56	-51.05	-52.03	-51.21	-54.89	-51.24	-56.03	-54.39
20.78	-52.43	-51.01	-55.97	-56.26	-53.02	-51.79	-52.37	-53.68	-51.68	-53.39	-51.77	-51.15	-53.71	-51.07	-52.12	-51.16	-54.99	-51.32	-56.17	-54.39
20.8	-52.45	-50.93	-56.06	-56.33	-53.06	-51.95	-52.36	-53.77	-51.81	-53.43	-51.94	-51.1	-53.8	-51.01	-52.09	-51.1	-54.81	-51.48	-56.02	-54.58
20.82	-52.35	-50.99	-55.89	-56.18	-53.11	-51.88	-52.28	-54.03	-51.82	-53.48	-51.83	-51.15	-54.01	-51	-52.28	-51.11	-54.83	-51.47	-56.09	-54.55
20.84	-52.42	-51.07	-55.88	-56.26	-53.15	-52.03	-52.35	-53.91	-51.82	-53.41	-51.72	-51.1	-54.15	-51.03	-52.25	-51.04	-54.86	-51.46	-56.05	-54.72
20.86	-52.32	-51.1	-55.77	-56.33	-53.33	-52.08	-52.35	-53.96	-51.78	-53.41	-51.74	-51.17	-54.4	-51.11	-52.25	-51.19	-54.76	-51.62	-55.84	-54.82
20.88	-52.32	-50.9	-55.74	-56.26	-53.32	-51.95	-51.73	-54.21	-51.75	-53.3	-51.54	-51.29	-54.5	-51.02	-52.28	-51.15	-54.85	-51.68	-55.7	-54.88
20.9	-52.29	-50.99	-55.69	-56.33	-53.54	-52	-52.15	-54.22	-51.85	-53.34	-51.57	-51.22	-54.92	-51.05	-52.26	-50.95	-54.72	-51.98	-55.35	-55.08
20.92	-51.6	-51.14	-55.33	-56.24	-53.9	-52.44	-52.05	-54.65	-52.19	-53.11	-51.19	-52.13	-55.67	-51.32	-52.53	-55.97	-54.28	-52.77	-53.96	-55.59
20.94	-51.92	-51.09	-54.98	-56.25	-53.59	-52.32	-51.82	-54.85	-52.14	-53.3	-51.14	-51.96	-55.63	-51.14	-52.26	-56.03	-54.83	-52.62	-53.84	-55.5
20.96	-51.84	-51.07	-54.8	-56.26	-53.81	-52.39	-51.71	-54.98	-52.18	-53.33	-51.19	-52.23	-55.95	-51.3	-52.16	-56.07	-54.79	-52.88	-53.6	-55.51
20.98	-51.75	-50.95	-54.67	-56.27	-53.82	-52.24	-51.29	-55.15	-52.21	-53.22	-51.04	-52.4	-55.98	-51.27	-52.2	-55.97	-54.85	-53.05	-53.32	-55.44
21	-51.69	-51.06	-54.44	-56.33	-53.82	-52.45	-51.57	-55.12	-52.36	-53.26	-51.14	-52.46	-56.1	-51.26	-52.01	-56.01	-54.77	-53.24	-52.92	-55.58
21.02	-52.02	-51.03	-54.19	-56.13	-53.87	-52.43	-51.11	-55.19	-52.36	-53.88	-51.1	-52.84	-55.87	-51.36	-51.68	-55.96	-54.85	-53.16	-53.14	-55.53
21.04	-51.52	-51.1	-53.98	-56.12	-53.91	-52.6	-51.47	-55.24	-52.54	-53.18	-51.23	-52.98	-56.22	-51.3	-52.05	-55.99	-55	-53.49	-52.13	-55.58
21.06	-51.37	-51.13	-53.9	-56.19	-54.04	-52.59	-51.43	-55.63	-52.57	-53.17	-51.2	-53.35	-56.21	-51.41	-51.99	-56.09	-54.88	-53.62	-52.04	-55.51
21.08	-51.42	-51.02	-53.7	-56.16	-54.06	-52.59	-51.38	-55.38	-52.77	-53.11	-51.16	-53.69	-56.14	-51.34	-52.03	-55.95	-55	-53.8	-51.76	-55.52
21.1	-51.27	-51.09	-53.44	-56.25	-54.06	-52.72	-51.2	-55.36	-52.9	-53.06	-51.28	-53.71	-56.21	-51.43	-51.9	-55.98	-54.98	-54.01	-51.63	-55.31
21.12	-51.06	-55.7	-53.18	-56.05	-54.64	-52.9	-51.17	-55.44	-53.71	-52.89	-52.01	-55.09	-55.47	-55.76	-52.14	-50.96	-52.04	-54.81	-50.99	-55.53
21.14	-51.03	-55.65	-52.33	-56.2	-54.51	-53.1	-51.16	-55.63	-53.67	-53.16	-52.05	-55.15	-55.57	-55.26	-51.83	-50.95	-51.66	-54.83	-50.89	-55.41
21.16	-50.94	-55.69	-52.51	-56.11	-54.61	-53.03	-51.09	-55.66	-53.71	-53.2	-52.16	-55.48	-55.32	-55.13	-51.74	-50.96	-51.68	-54.96	-51.01	-55.23
21.18	-50.93	-55.54	-52.28	-56.15	-54.79	-53.1	-51.1	-55.72	-53.83	-53.17	-52.18	-55.67	-55.13	-55.18	-51.72	-51.05	-51.67	-55.12	-50.85	-55.23
21.2	-50.94	-55.65	-52.02	-56.26	-54.87	-53.31	-51.05	-55.68	-53.99	-53.2	-52.44	-55.86	-54.98	-55.08	-51.6	-51.06	-51.6	-55.22	-51.01	-55.24
21.22	-50.84	-55.7	-52	-56.04	-54.91	-53.27	-50.95	-55.75	-53.83	-53.34	-52.65	-56.01	-54.68	-54.92	-51.74	-50.93	-51.62	-55.39	-50.94	-55.06
21.24	-50.88	-55.59	-51.79	-56.16	-55.1	-53.47	-51.02	-55.74	-53.64	-53.33	-52.95	-56.17	-54.48	-54.89	-51.62	-50.99	-51.48	-55.53	-50.92	-55.04
21.26	-50.85	-55.53	-51.91	-56.12	-55.24	-53.54	-50.95	-55.72	-54.26	-53.5	-53.09	-56.24	-54.1	-54.64	-51.54	-50.97	-51.52	-55.59	-51.03	-54.98
21.28	-56.02	-55.55	-51.87	-56.08	-55.22	-53.55	-50.91	-55.89	-54.43	-53.41	-53.13	-56.2	-53.91	-54.59	-51.51	-50.98	-51.43	-55.77	-51.12	-54.9
21.3	-54.56	-55.84	-51.69	-56.14	-55.42	-53.63	-50.97	-55.71	-54.48	-53.54	-53.41	-56.28	-53.75	-54.63	-51.45	-50.94	-51.37	-55.4	-51.19	-54.93
21.32	-50.93	-51.18	-51.88	-56.05	-55.79	-53.95	-50.94	-55.98	-55.13	-53.55	-53.93	-55.42	-52.25	-54.32	-51.49	-55.97	-55.88	-56.07	-51.45	-54.43
21.34	-51.27	-51.21	-51.66	-56.05	-55.74	-54.06	-50.89	-55.93	-54.84	-54.01	-54.41	-55.31	-52.32	-54.03	-51.3	-55.85	-55.89	-56.15	-51.37	-54.44
21.36	-50.83	-51.11	-51.75	-56.05	-55.85	-54.05	-50.86	-55.9	-55.01	-53.95	-54.52	-54.95	-52.03	-53.96	-51.24	-55.85	-56	-56.02	-51.46	-54.43
21.38	-51.13	-51.21	-51.76	-55.9	-55.77	-54.08	-50.84	-56.06	-55.17	-54.09	-54.79	-54.69	-51.9	-53.86	-51.27	-55.89	-56.05	-56.11	-51.44	-54.42
21.4	-51.13	-51.15	-51.68	-55.97	-55.88	-54.07	-50.86	-55.9	-54.98	-54.11	-54.89	-54.42	-51.59	-53.82	-51.12	-55.86	-56.06	-55.93	-51.6	-54.35
21.42	-54.26	-51.31	-51.83	-55.92	-55.83	-54.08	-50.79	-55.96	-55.28	-54.74	-55.13	-53.98	-51.57	-53.6	-51.19	-55.87	-55.96	-55.93	-51.65	-54.26
21.44	-50.81	-51.3	-51.86	-55.84	-55.87	-54.15	-50.8	-55.94	-55.3	-54.22	-55.26	-53.67	-51.41	-53.51	-51.17	-55.74	-56.01	-55.96	-51.69	-54.22
21.46	-55.93	-51.15	-51.95	-55.82	-56.02	-54.12	-50.86	-55.92	-55.38	-54.37	-55.45	-53.21	-51.2	-53.27	-51.18	-55.79	-56.1	-55.73	-51.81	-54.17
21.48	-50.68	-51.26	-51.5	-55.77	-55.98	-54.08	-50.8	-55.98	-55.56	-54.25	-55.59	-52.91	-51.12	-53.2	-51.16	-55.79	-56.04	-55.79	-51.82	-54.05
21.5	-50.64	-50.91	-51.9	-55.66	-56.03	-53.99	-50.9	-55.84	-55.48	-54.35	-55.64	-52.56	-50.95	-53.11	-51.14	-55.74	-56.18	-55.57	-51.95	-54.04
21.52	-54.8	-51.33	-52.52	-55.59	-55.98	-54.08	-50.69	-55.97	-55.82	-54.5	-56.08	-51.36	-51.06	-54.38	-51.35	-50.97	-50.73	-54.93	-52.45	-54.13
21.54	-54.61	-51.25	-52.27	-55.41	-56.02	-54.08	-50.94	-55.89	-55.56	-54.72	-56.02	-51.18	-51.02	-54.56	-51.21	-50.83	-50.87	-55.04	-52.43	-53.7
21.56	-55.27	-51.14	-52.48	-55.28	-56.05	-53.97	-50.84	-55.84	-55.6	-54.83	-56.05	-51.09	-51.26	-54.71	-51.22	-51.02	-50.82	-55.37	-52.48	-53.76
21.58	-50.63	-51.25	-52.53	-54.65	-56	-53.92	-50.84	-56.02	-55.63	-54.73	-56.1	-51.01	-51.22	-54.78	-51.25	-50.85	-50.88	-54.9	-52.52	-53.71
21.6	-50.6	-51.15	-52.54	-55.19	-56.08	-53.76	-50.9	-55.8	-55.58	-54.77	-56.03	-50.88	-51.19	-54.98	-51.22	-51	-50.88	-54.66	-52.71	-53.67
21.62	-55.18	-51.36	-52.1	-55.05	-55.94	-53.24	-50.82	-55.83	-55.25	-54.92	-55.93	-50.95	-51.4	-55.02	-51.08	-50.93	-50.85	-55.08	-52.74	-53.59
21.64	-50.62	-51.28	-52.82	-54.39	-55.96	-53.98	-50.91	-55.69	-55.54	-54.93	-55.81	-50.96	-51.46	-55.19	-51.28	-50.78	-50.97	-54.42	-52.83	-53.56
21.66	-50.55	-51.17	-52.99	-54.83	-55.94	-53.89	-50.85	-55.73	-55.56	-54.94	-55.76	-51.03	-51.72	-55.4	-51.4	-50.83	-50.98	-54.28	-53.02	-56.01
21.68	-50.61	-51.18	-53.02	-54.82	-55.98	-53.84	-50.9	-55.75	-55.66	-54.83	-55.75	-51.19	-51.91	-55.44	-51.38	-50.83	-51.13	-54.25	-53	-51.05
21.7	-50.51	-51.27	-53.08	-54.75	-56.04	-53.68	-50.92	-55.54	-55.5	-54.89	-55.58	-51.19	-51.95	-55.55	-51.33	-50.92	-51.12	-53.99	-53.17	-53.33
21.72	-51.76	-51.06	-53.91	-54.62	-55.68	-53.86	-51.1	-55.44	-55.71	-54.64	-54.61	-52.25	-53.29	-55.8	-51.88	-55.79	-55.74	-53.4	-54	-53.2
21.74	-50.64	-51.29	-53.68	-54.37	-55.79	-53.8	-51.03	-55.45	-55.47	-54.76	-54.47	-52.27	-53.24	-55.76	-51.55	-55.85	-55.31	-53.39	-53.35	-53.18
21.76	-50.54	-51.16	-53.91	-54.28	-55.74	-53.65	-50.98	-55.41	-55.48	-54.77	-54.28	-52.68	-53.59	-55.88	-51.66	-55.76	-55.28	-53.3	-54.22	-52.99
21.78	-50.66	-51.25	-54.04	-54.15	-55.76	-53.47	-51.05	-55.49	-55.55	-54.63	-54.12	-52.33	-53.72	-55.81	-51.69	-55.68	-55.21	-53.19	-54.06	-53.19
21.8	-50.54	-51.24	-54.13	-54.17	-55.79	-53.45	-51.08	-55.23	-55.46	-54.61	-53.88	-53.09	-53.87	-55.72	-51.62	-55.79	-55.06	-52.95	-54.19	-53.09
21.82	-50.86	-51.37	-54.22	-54.06	-55.87	-53.37	-50.99	-55.29	-55.54	-54.65	-53.45	-53.48	-54.09	-55.75	-51.85	-55.67	-55.08	-53.06	-54.33	-53.26
21.84	-50.65	-51.35	-54.33	-54.05	-55.71	-53.43	-51.11	-55.13	-55.45	-54.42	-53.17	-53.71	-54.27	-55.58	-51.83	-55.77	-54.86	-52.7	-54.55	-53.1
21.86	-50.57	-51.31	-54.49	-54.03	-55.58	-53.43	-51.07	-55.05	-55.5	-54.45	-52.88	-54.09	-54.53	-55.83	-51.99	-55.55	-54.79	-52.64	-54.57	-53.02
21.88	-50.73	-51.51	-54.51	-53.87	-55.61	-53.05	-51.14	-55.1	-55.53	-54.21	-52.54	-54.25	-54.62	-55.51	-52.05	-55.58	-54.8	-52.61	-54.67	-53.13
21.9	-50.66	-51.49	-54.73	-53.82	-55.67	-52.98	-51.16	-54.93	-55.41	-54.22	-52.35	-54.47	-54.91	-55.58	-52	-55.57	-54.61	-52.32	-54.75	-53.04
21.92	-55.41	-51.86	-55.31	-53.46	-55.36	-52.83	-51.15	-54.57	-55.56	-54.13	-51.11	-55.5	-55.23	-51.54	-53.05	-51.21	-52.59	-51.34	-55.1	-52.71
21.94	-55.33	-51.99	-54.87	-53.5	-55.6	-52.84	-51.27	-54.54	-55.29	-53.87	-51.15	-55.54	-55.54	-51.71	-52.71	-51.22	-52.56	-51.28	-55.35	-53.22
21.96	-55.19	-51.96	-55.23	-53.47	-55.41	-52.75	-51.31	-54.44	-55.3	-53.84	-51.02	-55.64	-55.3	-51.9	-52.95	-51.38	-52.66	-51.23	-55.37	-53.35
21.98	-55.15	-52.17	-55.36	-53.46	-55.45	-52.53	-51.43	-54.47	-55.32	-53.62	-50.82	-55.73	-55.71	-52.08	-53.06	-51.5	-52.79	-51.02	-55.38	-53.4
22	-55.14	-52.17	-55.44	-53.29	-55.6	-51.95	-51.51	-54.36	-55.29	-53.53	-50.94	-55.86	-55.82	-52.3	-53.09	-51.45	-52.84	-51	-55.44	-53.34
22.02	-55.14	-52.5	-55.41	-53.29	-55.45	-52.45	-51.42	-54.38	-55.25	-53.4	-50.82	-55.88	-55.75	-52.44	-53.11	-51.57	-52.99	-50.88	-55.54	-53.5
22.04	-55.12	-52.64	-55.49	-53.22	-55.51	-52.5	-51.84	-54.14	-55.18	-53.37	-50.89	-55.91	-55.83	-52.71	-53.35	-51.66	-52.94	-50.74	-55.76	-53.48
22.06	-55.1	-52.68	-55.41	-53.27	-55.37	-52.39	-51.57	-54.23	-55.2	-53.34	-50.87	-55.93	-55.8	-52.89	-53.58	-51.78	-53.2	-50.74	-55.68	-53.59
22.08	-54.92	-52.84	-55.46	-53.15	-55.41	-52.21	-51.68	-54.17	-55.19	-53.15	-50.59	-55.93	-55.83	-53.22	-53.6	-51.88	-53.2	-50.68	-55.73	-53.6
22.1	-54.98	-52.98	-55.54	-53.06	-55.47	-52.31	-51.74	-54.1	-55.17	-53.1	-50.93	-55.99	-55.84	-53.34	-53.62	-51.78	-53.21	-50.71	-55.56	-53.58
22.12	-51.44	-53.8	-55.62	-53.34	-55.28	-52.23	-52.23	-53.89	-55.34	-52.55	-51.18	-55.44	-55.32	-54.38	-54.4	-54.07	-52.98	-50.81	-55.76	-53.71
22.14	-51.2	-53.77	-55.64	-52.98	-55.13	-52.12	-52.13	-53.9	-55	-52.78	-51.35	-55.43	-55.33	-53.72	-54.18	-54.06	-53.38	-50.78	-55.84	-53.84
22.16	-51.16	-53.99	-55.52	-53.1	-55.06	-52.07	-52.21	-53.92	-55.06	-52.7	-51.36	-55.11	-55.17	-54.54	-54.38	-53.79	-53.33	-50.9	-55.76	-53.93
22.18	-51.14	-54.09	-55.52	-53.03	-55.05	-51.94	-51.91	-54.01	-55.11	-52.59	-51.4	-54.99	-55.08	-54.77	-54.3	-53.86	-53.5	-50.93	-55.83	-53.96
22.2	-51.21	-54.21	-55.58	-52.79	-55.09	-52.05	-52.5	-53.81	-55.03	-52.53	-51.57	-54.72	-54.96	-54.83	-54.47	-53.77	-53.24	-51	-55.74	-53.91
22.22	-51.11	-53.73	-55.56	-52.87	-55.24	-51.96	-52.55	-54.24	-55.08	-52.36	-51.24	-54.43	-54.74	-54.63	-54.48	-53.58	-53.96	-51.05	-55.85	-53.51
22.24	-51.22	-54.46	-55.55	-52.93	-54.84	-52.13	-52.75	-53.58	-55.03	-52.24	-51.94	-54.31	-54.63	-55.08	-54.6	-53.55	-53.24	-51.33	-55.82	-54.08
22.26	-51.2	-54.6	-55.39	-52.95	-54.65	-52.03	-52.82	-54.05	-55.01	-52.19	-51.94	-53.89	-54.28	-55.26	-54.7	-53.46	-53.24	-51.34	-55.74	-54.08
22.28	-51.02	-54.7	-55.41	-52.91	-54.63	-51.96	-53.14	-53.55	-55.15	-52	-51.92	-53.68	-54.15	-55.38	-54.65	-53.47	-53.33	-51.54	-55.82	-54.12
22.3	-51.13	-54.79	-55.48	-52.83	-54.63	-52.09	-53.21	-53.35	-55.13	-51.92	-52.02	-53.45	-53.95	-55.43	-54.84	-53.27	-53.15	-51.65	-55.65	-54.1
22.32	-51.33	-55.07	-55.38	-53.19	-53.76	-52.19	-54.15	-53.24	-55.66	-51.16	-52.86	-52.19	-52.78	-55.83	-54.95	-52.32	-52.44	-52.5	-55.56	-54.22
22.34	-51.02	-55.14	-55.07	-52.55	-53.94	-52.27	-53.97	-52.69	-55.44	-51.51	-52.92	-52.14	-52.78	-55.68	-55.02	-52.69	-52.75	-52.56	-55.73	-54.39
22.36	-51.1	-55.22	-54.95	-52.66	-53.81	-52.47	-54.18	-53.19	-55.58	-51.28	-52.95	-51.85	-52.5	-55.72	-55.22	-52.55	-52.69	-52.72	-55.64	-54.5
22.38	-51.03	-55.18	-54.77	-52.49	-53.66	-52.49	-54.37	-52.47	-55.69	-51.25	-53.11	-51.72	-52.37	-55.7	-55.25	-52.58	-52.75	-52.8	-55.69	-54.63
22.4	-50.92	-55.24	-54.68	-52.32	-53.54	-52.36	-54.48	-52.41	-55.62	-51.2	-53.29	-51.44	-52.09	-55.61	-55.31	-52.47	-52.67	-53	-55.57	-54.65
22.42	-50.68	-55.23	-54.46	-52.34	-53.33	-52.69	-54.63	-52.3	-55.75	-51.05	-53.42	-51.39	-51.93	-55.66	-55.3	-52.32	-52.62	-53.2	-55.57	-54.78
22.44	-50.86	-55.34	-54.18	-52.14	-53.16	-52.87	-54.7	-52.08	-55.59	-51.07	-53.68	-51.09	-51.65	-55.51	-55.46	-52.28	-52.4	-53.47	-55.55	-54.87
22.46	-50.98	-55.41	-54.18	-52.28	-53.04	-53.01	-54.91	-52.07	-55.79	-50.97	-53.86	-50.97	-51.51	-55.51	-55.4	-52.29	-52.45	-53.56	-55.5	-55.03
22.48	-50.73	-55.38	-54.32	-52.08	-52.87	-53.1	-55.14	-51.95	-55.85	-50.95	-53.86	-50.9	-51.4	-55.37	-55.42	-52.29	-52.32	-53.64	-55.62	-54.99
22.5	-50.75	-55.42	-53.79	-52.02	-52.69	-53.32	-55.15	-51.89	-55.8	-50.85	-54	-50.74	-51.18	-55.28	-55.6	-52.89	-52.38	-53.8	-55.43	-55.14
22.52	-54.29	-50.65	-52.63	-51.99	-51.86	-53.62	-55.67	-51.46	-55.81	-50.62	-55.03	-50.76	-50.77	-54.72	-55.5	-51.64	-51.65	-54.23	-55.01	-55.46
22.54	-54.09	-50.59	-52.87	-51.62	-51.91	-54.22	-55.55	-51.32	-55.8	-50.78	-55.04	-50.86	-50.77	-54.76	-55.58	-52.12	-51.96	-54.75	-55.19	-55.29
22.56	-50.53	-50.61	-52.83	-51.73	-51.75	-54.25	-55.62	-51.28	-55.73	-50.74	-55.2	-51.08	-50.75	-54.67	-55.58	-52.07	-51.92	-54.95	-55.07	-55.45
22.58	-55.52	-50.62	-52.61	-51.59	-51.61	-54.47	-55.67	-51.16	-55.68	-50.77	-55.48	-51.16	-50.81	-54.35	-55.8	-52.1	-51.88	-55.05	-55.13	-55.51
22.6	-55.39	-50.9	-52.39	-51.44	-51.47	-54.52	-55.64	-51.16	-55.55	-50.76	-55.5	-51.09	-50.73	-54.28	-55.61	-52.09	-51.8	-55.12	-54.82	-55.63
22.62	-50.63	-50.57	-52.36	-51.46	-51.52	-54.71	-55.78	-51.09	-55.71	-50.53	-55.66	-51.32	-50.92	-54.27	-55.59	-51.99	-51.71	-55.28	-54.8	-55.54
22.64	-50.54	-50.49	-52.07	-51.38	-51.31	-54.82	-55.66	-50.97	-55.54	-50.67	-55.66	-51.48	-50.84	-54.06	-55.61	-52.07	-51.53	-55.44	-54.68	-55.59
22.66	-50.48	-50.53	-52.1	-51.46	-51.27	-54.81	-55.75	-50.91	-55.46	-50.73	-55.74	-51.79	-51.02	-54.02	-55.71	-52.08	-51.5	-55.52	-54.52	-55.77
22.68	-50.59	-50.53	-51.9	-51.34	-51.2	-54.95	-55.71	-50.78	-55.36	-50.85	-55.78	-51.91	-51.1	-53.72	-55.66	-52.1	-52.06	-55.61	-54.45	-55.64
22.7	-50.53	-50.32	-51.75	-51.06	-51.05	-54.95	-55.76	-50.84	-55.24	-50.8	-55.71	-52.08	-51.04	-53.59	-55.73	-52.01	-51.4	-55.61	-54.22	-55.75
22.72	-50.74	-50.37	-51.59	-51.19	-50.8	-55.38	-50.52	-50.75	-54.92	-50.78	-55.51	-53.38	-51.83	-52.89	-55.66	-51.48	-50.8	-55.61	-53.31	-55.59
22.74	-50.6	-50.36	-51.12	-50.88	-50.93	-55.2	-50.5	-50.65	-54.95	-51.05	-55.37	-53.41	-51.62	-53.01	-55.65	-51.88	-50.83	-55.58	-53.23	-55.61
22.76	-50.58	-50.41	-50.89	-51.01	-50.8	-55.24	-50.6	-50.68	-54.93	-51.13	-55.39	-53.7	-52.02	-52.91	-55.59	-51.79	-50.97	-55.59	-53.03	-55.69
22.78	-50.59	-50.42	-51.12	-50.94	-50.82	-55.29	-50.51	-50.52	-54.58	-51.32	-55.42	-53.87	-52.05	-52.68	-55.59	-51.81	-50.7	-55.54	-53.11	-55.78
22.8	-55.34	-50.28	-50.93	-50.78	-50.72	-55.26	-50.62	-50.71	-54.68	-51.36	-55.2	-54.12	-52.23	-52.56	-55.68	-51.76	-50.78	-55.33	-52.77	-55.72
22.82	-54.7	-50.28	-51.01	-50.65	-50.81	-55.34	-50.3	-50.64	-54.8	-51.11	-55.17	-54.29	-51.95	-52.47	-55.56	-52.13	-50.65	-55.28	-53.17	-55.55
22.84	-55.17	-50.31	-50.88	-50.78	-50.69	-55.34	-50.71	-50.76	-54.6	-51.63	-54.96	-54.55	-52.65	-52.33	-55.6	-51.6	-50.59	-55.07	-52.38	-55.58
22.86	-55.01	-50.37	-50.95	-50.82	-50.78	-55.23	-50.72	-50.76	-54.67	-51.66	-54.9	-54.75	-53.12	-52.17	-55.59	-51.5	-50.61	-55.33	-52.36	-55.65
22.88	-54.96	-50.32	-50.85	-50.76	-50.76	-55.42	-50.67	-50.7	-54.57	-52.06	-54.87	-54.89	-53.21	-52.03	-55.59	-51.57	-50.47	-54.97	-52.22	-55.49
22.9	-55.03	-50.22	-50.72	-50.69	-50.72	-55.25	-50.84	-50.84	-54.51	-52.1	-55.08	-55.12	-53.43	-51.9	-55.69	-51.45	-50.57	-54.71	-52.11	-55.56
22.92	-54.55	-50.28	-50.73	-55.16	-55.4	-55.53	-55.23	-51.27	-51.93	-53.15	-54.06	-55.63	-54.66	-51.21	-55.54	-50.95	-50.47	-51.64	-53.97	-55
22.94	-54.81	-50.25	-50.58	-55.58	-55.17	-55.37	-55.09	-51.27	-51.91	-53.11	-53.88	-55.62	-54.8	-51.46	-55.62	-51.25	-50.45	-52.08	-54.58	-55.23
22.96	-54.59	-50.34	-50.67	-55.5	-55.24	-55.29	-54.84	-51.28	-51.77	-52.98	-53.76	-55.61	-54.98	-51.36	-55.55	-51.16	-50.55	-52.31	-54.58	-55.09
22.98	-54.58	-50.32	-50.63	-55.27	-55.11	-55.44	-54.83	-51.28	-51.7	-52.62	-53.57	-55.71	-55.23	-51.21	-55.5	-51.27	-50.42	-52.4	-54.66	-55.02
23	-54.52	-50.21	-50.52	-55.27	-55.05	-55.32	-54.54	-51.45	-51.83	-52.42	-53.54	-55.79	-55.38	-51.24	-55.55	-51.16	-50.54	-52.66	-55.03	-55
23.02	-54.43	-50.29	-50.54	-55.17	-54.92	-55.32	-54.56	-51.51	-51.73	-52.16	-53.29	-55.7	-55.41	-51.09	-55.41	-51.08	-50.55	-52.78	-54.84	-54.81
23.04	-55.07	-50.23	-50.6	-55.24	-54.82	-55.27	-54.5	-51.67	-51.9	-51.99	-53.06	-55.75	-55.63	-51.08	-55.48	-51.09	-50.55	-52.81	-54.33	-54.75
23.06	-54.23	-50.3	-50.59	-55.3	-54.84	-55.22	-54.28	-51.71	-51.87	-51.79	-52.91	-55.62	-55.48	-51.04	-55.45	-51.14	-50.66	-52.93	-54.91	-54.77
23.08	-54.23	-50.24	-50.56	-55.21	-54.64	-55.31	-54.25	-51.65	-51.57	-51.53	-52.81	-55.74	-55.47	-50.99	-55.39	-51.24	-50.62	-53.09	-54.89	-54.44
23.1	-55.33	-50.12	-50.43	-55.22	-54.57	-55.2	-54.02	-51.79	-51.83	-51.43	-52.87	-55.65	-55.5	-50.96	-55.45	-51.12	-50.77	-53.3	-55.05	-54.41
