# SCAN started at: 2018-05-22 11:48:19
# Mass_Scan Elen: _70
# ----------------------------------------
# 
25	1	1
25.1	2	2
25.2	2	2
25.3	3	3
25.4	2	2
25.5	2	2
25.6	4	4
25.7	4	4
25.8	4	4
25.9	3	3
26	10	10
26.1	15	15
26.2	15	15
26.3	20	20
26.4	13	13
26.5	20	20
26.6	20	20
26.7	24	24
26.8	21	21
26.9	24	24
27	31	31
27.1	22	22
27.2	22	22
27.3	47	47
27.4	54	54
27.5	88	88
27.6	54	54
27.7	37	37
27.8	49	49
27.9	47	47
28	43	43
28.1	74	74
28.2	56	56
28.3	76	76
28.4	93	93
28.5	117	117
28.6	150	150
28.7	120	120
28.8	66	66
28.9	48	48
29	28	28
29.1	18	18
29.2	20	20
29.3	20	20
29.4	27	27
29.5	24	24
29.6	31	31
29.7	23	23
29.8	33	33
29.9	19	19
30	7	7
30.1	5	5
30.2	4	4
30.3	6	6
30.4	3	3
30.5	6	6
30.6	10	10
30.7	2	2
30.8	6	6
30.9	10	10
31	6	6
31.1	7	7
31.2	5	5
31.3	7	7
31.4	6	6
31.5	11	11
31.6	17	17
31.7	24	24
31.8	31	31
31.9	29	29
32	21	21
32.1	21	21
32.2	23	23
32.3	31	31
32.4	41	41
32.5	40	40
32.6	27	27
32.7	18	18
32.8	19	19
32.9	7	7
33	7	7
33.1	3	3
33.2	4	4
33.3	4	4
33.4	1	1
33.5	2	2
33.6	0	0
33.7	0	0
33.8	0	0
33.9	0	0
34	0	0
34.1	0	0
34.2	1	1
34.3	0	0
34.4	3	3
34.5	2	2
34.6	0	0
34.7	0	0
34.8	0	0
34.9	0	0
35	2	2
35.1	2	2
35.2	0	0
35.3	0	0
35.4	1	1
35.5	0	0
35.6	0	0
35.7	1	1
35.8	1	1
35.9	1	1
36	0	0
36.1	2	2
36.2	0	0
36.3	3	3
36.4	0	0
36.5	1	1
36.6	0	0
36.7	1	1
36.8	0	0
36.9	0	0
37	0	0
37.1	1	1
37.2	1	1
37.3	2	2
37.4	2	2
37.5	0	0
37.6	2	2
37.7	1	1
37.8	4	4
37.9	0	0
38	1	1
38.1	2	2
38.2	2	2
38.3	1	1
38.4	0	0
38.5	4	4
38.6	1	1
38.7	4	4
38.8	1	1
38.9	4	4
39	4	4
39.1	1	1
39.2	6	6
39.3	5	5
39.4	6	6
39.5	5	5
39.6	7	7
39.7	5	5
39.8	5	5
39.9	4	4
40	1	1
40.1	6	6
40.2	4	4
40.3	2	2
40.4	4	4
40.5	7	7
40.6	6	6
40.7	7	7
40.8	7	7
40.9	6	6
41	9	9
41.1	8	8
41.2	8	8
41.3	4	4
41.4	4	4
41.5	14	14
41.6	17	17
41.7	13	13
41.8	13	13
41.9	9	9
42	5	5
42.1	2	2
42.2	5	5
42.3	1	1
42.4	3	3
42.5	7	7
42.6	14	14
42.7	6	6
42.8	11	11
42.9	3	3
43	10	10
43.1	5	5
43.2	2	2
43.3	11	11
43.4	6	6
43.5	12	12
43.6	18	18
43.7	9	9
43.8	3	3
43.9	6	6
44	2	2
44.1	1	1
44.2	2	2
44.3	7	7
44.4	2	2
44.5	7	7
44.6	5	5
44.7	5	5
44.8	0	0
44.9	2	2
45	1	1
45.1	0	0
45.2	1	1
45.3	2	2
45.4	0	0
45.5	0	0
45.6	0	0
45.7	2	2
45.8	2	2
45.9	0	0
46	0	0
46.1	0	0
46.2	1	1
46.3	2	2
46.4	0	0
46.5	0	0
46.6	1	1
46.7	0	0
46.8	0	0
46.9	0	0
47	0	0
47.1	0	0
47.2	0	0
47.3	0	0
47.4	0	0
47.5	1	1
47.6	0	0
47.7	1	1
47.8	2	2
47.9	0	0
48	1	1
48.1	3	3
48.2	1	1
48.3	0	0
48.4	0	0
48.5	1	1
48.6	1	1
48.7	1	1
48.8	0	0
48.9	1	1
49	0	0
49.1	1	1
49.2	0	0
49.3	0	0
49.4	0	0
49.5	0	0
49.6	0	0
49.7	0	0
49.8	0	0
49.9	0	0
50	0	0
50.1	0	0
50.2	0	0
50.3	0	0
50.4	1	1
50.5	2	2
50.6	3	3
50.7	0	0
50.8	0	0
50.9	1	1
51	1	1
51.1	0	0
51.2	0	0
51.3	1	1
51.4	0	0
51.5	0	0
51.6	1	1
51.7	0	0
51.8	0	0
51.9	0	0
52	0	0
52.1	0	0
52.2	0	0
52.3	1	1
52.4	0	0
52.5	2	2
52.6	0	0
52.7	0	0
52.8	1	1
52.9	0	0
53	0	0
53.1	1	1
53.2	2	2
53.3	0	0
53.4	0	0
53.5	0	0
53.6	0	0
53.7	1	1
53.8	3	3
53.9	0	0
54	1	1
54.1	0	0
54.2	1	1
54.3	0	0
54.4	0	0
54.5	1	1
54.6	3	3
54.7	1	1
54.8	3	3
54.9	0	0
55	1	1
55.1	2	2
55.2	2	2
55.3	1	1
55.4	5	5
55.5	2	2
55.6	3	3
55.7	4	4
55.8	7	7
55.9	3	3
56	2	2
56.1	1	1
56.2	2	2
56.3	1	1
56.4	0	0
56.5	2	2
56.6	2	2
56.7	2	2
56.8	2	2
56.9	1	1
57	6	6
57.1	0	0
57.2	1	1
57.3	0	0
57.4	1	1
57.5	12	12
57.6	8	8
57.7	5	5
57.8	5	5
57.9	2	2
58	2	2
58.1	2	2
58.2	2	2
58.3	1	1
58.4	0	0
58.5	1	1
58.6	0	0
58.7	0	0
58.8	0	0
58.9	0	0
59	0	0
59.1	1	1
59.2	1	1
59.3	0	0
59.4	0	0
59.5	3	3
59.6	1	1
59.7	0	0
59.8	2	2
59.9	1	1
60	0	0
60.1	0	0
60.2	0	0
60.3	0	0
60.4	1	1
60.5	1	1
60.6	2	2
60.7	0	0
60.8	1	1
60.9	2	2
61	0	0
61.1	0	0
61.2	0	0
61.3	0	0
61.4	0	0
61.5	0	0
61.6	0	0
61.7	0	0
61.8	0	0
61.9	0	0
62	0	0
62.1	0	0
62.2	2	2
62.3	0	0
62.4	0	0
62.5	0	0
62.6	0	0
62.7	0	0
62.8	0	0
62.9	2	2
63	2	2
63.1	0	0
63.2	0	0
63.3	0	0
63.4	0	0
63.5	0	0
63.6	0	0
63.7	0	0
63.8	0	0
63.9	0	0
64	0	0
64.1	0	0
64.2	0	0
64.3	0	0
64.4	0	0
64.5	2	2
64.6	1	1
64.7	3	3
64.8	4	4
64.9	0	0
65	0	0
65.1	0	0
65.2	1	1
65.3	0	0
65.4	1	1
65.5	2	2
65.6	0	0
65.7	0	0
65.8	0	0
65.9	0	0
66	1	1
66.1	1	1
66.2	0	0
66.3	0	0
66.4	0	0
66.5	0	0
66.6	1	1
66.7	1	1
66.8	1	1
66.9	0	0
67	0	0
67.1	1	1
67.2	0	0
67.3	2	2
67.4	0	0
67.5	2	2
67.6	1	1
67.7	3	3
67.8	1	1
67.9	1	1
68	0	0
68.1	1	1
68.2	1	1
68.3	1	1
68.4	2	2
68.5	4	4
68.6	0	0
68.7	2	2
68.8	2	2
68.9	2	2
69	1	1
69.1	1	1
69.2	0	0
69.3	1	1
69.4	2	2
69.5	2	2
69.6	4	4
69.7	7	7
69.8	7	7
69.9	3	3
70	1	1
70.1	0	0
70.2	0	0
70.3	0	0
70.4	0	0
70.5	2	2
70.6	0	0
70.7	0	0
70.8	0	0
70.9	2	2
71	1	1
71.1	0	0
71.2	0	0
71.3	0	0
71.4	0	0
71.5	0	0
71.6	0	0
71.7	1	1
71.8	0	0
71.9	2	2
72	0	0
72.1	0	0
72.2	0	0
72.3	1	1
72.4	0	0
72.5	3	3
72.6	1	1
72.7	0	0
72.8	0	0
72.9	0	0
73	1	1
73.1	0	0
73.2	0	0
73.3	0	0
73.4	0	0
73.5	1	1
73.6	0	0
73.7	1	1
73.8	0	0
73.9	0	0
74	0	0
74.1	0	0
74.2	0	0
74.3	0	0
74.4	0	0
74.5	0	0
74.6	0	0
74.7	0	0
74.8	0	0
74.9	0	0
75	1	1
75.1	0	0
75.2	0	0
75.3	0	0
75.4	0	0
75.5	0	0
75.6	0	0
75.7	0	0
75.8	0	0
75.9	0	0
76	0	0
76.1	0	0
76.2	0	0
76.3	0	0
76.4	0	0
76.5	0	0
76.6	0	0
76.7	0	0
76.8	0	0
76.9	1	1
77	0	0
77.1	0	0
77.2	0	0
77.3	0	0
77.4	0	0
77.5	0	0
77.6	1	1
77.7	0	0
77.8	0	0
77.9	0	0
78	0	0
78.1	0	0
78.2	0	0
78.3	0	0
78.4	0	0
78.5	0	0
78.6	0	0
78.7	0	0
78.8	0	0
78.9	0	0
79	0	0
79.1	0	0
79.2	0	0
79.3	0	0
79.4	1	1
79.5	0	0
79.6	0	0
79.7	0	0
79.8	0	0
79.9	0	0
80	0	0
80.1	0	0
80.2	0	0
80.3	0	0
80.4	0	0
80.5	0	0
80.6	0	0
80.7	1	1
80.8	1	1
80.9	0	0
81	2	2
81.1	0	0
81.2	0	0
81.3	0	0
81.4	0	0
81.5	0	0
81.6	0	0
81.7	0	0
81.8	1	1
81.9	0	0
82	0	0
82.1	0	0
82.2	2	2
82.3	0	0
82.4	0	0
82.5	0	0
82.6	0	0
82.7	1	1
82.8	0	0
82.9	0	0
83	0	0
83.1	0	0
83.2	0	0
83.3	0	0
83.4	1	1
83.5	0	0
83.6	0	0
83.7	4	4
83.8	2	2
83.9	0	0
84	0	0
84.1	0	0
84.2	0	0
84.3	1	1
84.4	1	1
84.5	0	0
84.6	1	1
84.7	0	0
84.8	0	0
84.9	0	0
85	0	0
85.1	0	0
85.2	0	0
85.3	0	0
85.4	0	0
85.5	0	0
85.6	0	0
85.7	1	1
85.8	0	0
85.9	0	0
86	0	0
86.1	0	0
86.2	0	0
86.3	0	0
86.4	0	0
86.5	0	0
86.6	0	0
86.7	0	0
86.8	1	1
86.9	1	1
87	0	0
87.1	0	0
87.2	0	0
87.3	0	0
87.4	0	0
87.5	0	0
87.6	0	0
87.7	3	3
87.8	0	0
87.9	2	2
88	0	0
88.1	0	0
88.2	0	0
88.3	0	0
88.4	0	0
88.5	0	0
88.6	0	0
88.7	0	0
88.8	0	0
88.9	0	0
89	0	0
89.1	0	0
89.2	0	0
89.3	1	1
89.4	0	0
89.5	0	0
89.6	2	2
89.7	0	0
89.8	0	0
89.9	0	0
90	0	0
90.1	0	0
90.2	1	1
90.3	0	0
90.4	1	1
90.5	0	0
90.6	1	1
90.7	0	0
90.8	1	1
90.9	1	1
91	0	0
91.1	0	0
91.2	0	0
91.3	0	0
91.4	0	0
91.5	0	0
91.6	0	0
91.7	0	0
91.8	0	0
91.9	0	0
92	0	0
92.1	0	0
92.2	0	0
92.3	0	0
92.4	0	0
92.5	0	0
92.6	0	0
92.7	0	0
92.8	0	0
92.9	0	0
93	1	1
93.1	0	0
93.2	0	0
93.3	0	0
93.4	0	0
93.5	0	0
93.6	0	0
93.7	2	2
93.8	0	0
93.9	0	0
94	0	0
94.1	0	0
94.2	0	0
94.3	0	0
94.4	0	0
94.5	0	0
94.6	0	0
94.7	1	1
94.8	0	0
94.9	0	0
95	0	0
95.1	0	0
95.2	0	0
95.3	0	0
95.4	0	0
95.5	0	0
95.6	0	0
95.7	0	0
95.8	0	0
95.9	0	0
96	0	0
96.1	2	2
96.2	0	0
96.3	0	0
96.4	0	0
96.5	1	1
96.6	3	3
96.7	1	1
96.8	0	0
96.9	1	1
97	0	0
97.1	1	1
97.2	0	0
97.3	0	0
97.4	0	0
97.5	0	0
97.6	0	0
97.7	1	1
97.8	3	3
97.9	0	0
98	0	0
98.1	0	0
98.2	0	0
98.3	1	1
98.4	0	0
98.5	0	0
98.6	0	0
98.7	1	1
98.8	0	0
98.9	0	0
99	1	1
99.1	0	0
99.2	1	1
99.3	0	0
99.4	0	0
99.5	0	0
99.6	0	0
99.7	1	1
99.8	0	0
99.9	0	0
100	0	0
100.1	0	0
100.2	0	0
100.3	0	0
100.4	0	0
100.5	1	1
100.6	0	0
100.7	0	0
100.8	1	1
100.9	0	0
101	0	0
101.1	0	0
101.2	0	0
101.3	0	0
101.4	0	0
101.5	0	0
101.6	0	0
101.7	0	0
101.8	0	0
101.9	0	0
102	0	0
102.1	0	0
102.2	0	0
102.3	0	0
102.4	0	0
102.5	0	0
102.6	0	0
102.7	1	1
102.8	0	0
102.9	0	0
103	0	0
103.1	0	0
103.2	0	0
103.3	0	0
103.4	0	0
103.5	0	0
103.6	1	1
103.7	0	0
103.8	0	0
103.9	0	0
104	0	0
104.1	0	0
104.2	0	0
104.3	0	0
104.4	0	0
104.5	0	0
104.6	0	0
104.7	0	0
104.8	0	0
104.9	0	0
105	0	0
105.1	0	0
105.2	0	0
105.3	0	0
105.4	0	0
105.5	0	0
105.6	0	0
105.7	0	0
105.8	0	0
105.9	3	3
106	0	0
106.1	0	0
106.2	0	0
106.3	0	0
106.4	0	0
106.5	0	0
106.6	0	0
106.7	0	0
106.8	0	0
106.9	0	0
107	0	0
107.1	0	0
107.2	0	0
107.3	0	0
107.4	0	0
107.5	0	0
107.6	0	0
107.7	0	0
107.8	0	0
107.9	0	0
108	0	0
108.1	0	0
108.2	2	2
108.3	1	1
108.4	0	0
108.5	0	0
108.6	0	0
108.7	1	1
108.8	0	0
108.9	0	0
109	0	0
109.1	0	0
109.2	0	0
109.3	0	0
109.4	0	0
109.5	0	0
109.6	0	0
109.7	0	0
109.8	0	0
109.9	0	0
110	0	0
110.1	1	1
110.2	0	0
110.3	0	0
110.4	1	1
110.5	0	0
110.6	1	1
110.7	1	1
110.8	0	0
110.9	0	0
111	0	0
111.1	0	0
111.2	2	2
111.3	0	0
111.4	0	0
111.5	0	0
111.6	0	0
111.7	1	1
111.8	0	0
111.9	0	0
112	0	0
112.1	0	0
112.2	0	0
112.3	0	0
112.4	0	0
112.5	0	0
112.6	0	0
112.7	0	0
112.8	0	0
112.9	0	0
113	0	0
113.1	1	1
113.2	0	0
113.3	0	0
113.4	0	0
113.5	0	0
113.6	0	0
113.7	1	1
113.8	0	0
113.9	0	0
114	2	2
114.1	0	0
114.2	0	0
114.3	0	0
114.4	0	0
114.5	0	0
114.6	0	0
114.7	0	0
114.8	0	0
114.9	0	0
115	0	0
115.1	2	2
115.2	0	0
115.3	0	0
115.4	0	0
115.5	0	0
115.6	0	0
115.7	0	0
115.8	0	0
115.9	0	0
116	0	0
116.1	0	0
116.2	0	0
116.3	0	0
116.4	1	1
116.5	0	0
116.6	0	0
116.7	0	0
116.8	1	1
116.9	0	0
117	0	0
117.1	0	0
117.2	0	0
117.3	0	0
117.4	0	0
117.5	0	0
117.6	0	0
117.7	0	0
117.8	0	0
117.9	0	0
118	1	1
118.1	0	0
118.2	0	0
118.3	0	0
118.4	0	0
118.5	0	0
118.6	0	0
118.7	0	0
118.8	0	0
118.9	0	0
119	0	0
119.1	0	0
119.2	0	0
119.3	0	0
119.4	0	0
119.5	0	0
119.6	1	1
119.7	0	0
119.8	0	0
119.9	0	0
120	0	0
120.1	0	0
120.2	0	0
120.3	0	0
120.4	0	0
120.5	0	0
120.6	0	0
120.7	0	0
120.8	0	0
120.9	0	0
121	0	0
121.1	0	0
121.2	0	0
121.3	1	1
121.4	0	0
121.5	0	0
121.6	0	0
121.7	0	0
121.8	0	0
121.9	0	0
122	0	0
122.1	0	0
122.2	0	0
122.3	0	0
122.4	0	0
122.5	0	0
122.6	0	0
122.7	0	0
122.8	0	0
122.9	0	0
123	0	0
123.1	0	0
123.2	0	0
123.3	0	0
123.4	0	0
123.5	0	0
123.6	0	0
123.7	0	0
123.8	0	0
123.9	0	0
124	0	0
124.1	0	0
124.2	0	0
124.3	0	0
124.4	0	0
124.5	0	0
124.6	0	0
124.7	0	0
124.8	0	0
124.9	0	0
125	0	0
125.1	0	0
125.2	0	0
125.3	0	0
125.4	0	0
125.5	0	0
125.6	0	0
125.7	0	0
125.8	0	0
125.9	0	0
126	0	0
126.1	0	0
126.2	0	0
126.3	1	1
126.4	0	0
126.5	0	0
126.6	0	0
126.7	0	0
126.8	1	1
126.9	0	0
127	0	0
127.1	1	1
127.2	0	0
127.3	1	1
127.4	0	0
127.5	0	0
127.6	0	0
127.7	3	3
127.8	1	1
127.9	0	0
128	2	2
128.1	1	1
128.2	0	0
128.3	0	0
128.4	0	0
128.5	0	0
128.6	0	0
128.7	0	0
128.8	1	1
128.9	2	2
129	1	1
129.1	1	1
129.2	0	0
129.3	0	0
129.4	0	0
129.5	1	1
129.6	0	0
129.7	0	0
129.8	0	0
129.9	2	2
