# SCAN started at: 2018-05-22 11:20:49
# Mass_Scan Elen: _70
# ----------------------------------------
# 
25	-39.07
25.1	-41.37
25.2	-41.49
25.3	-36.8
25.4	-38.82
25.5	-37.53
25.6	-41.37
25.7	-41.52
25.8	-39.72
25.9	-41.4
26	-39.98
26.1	-36.85
26.2	-41.13
26.3	-40.77
26.4	-37.02
26.5	-39.05
26.6	-40.32
26.7	-36.92
26.8	-37.53
26.9	-37.77
27	-39.63
27.1	-40.29
27.2	-41.58
27.3	-36.8
27.4	-41.43
27.5	-41.39
27.6	-37.85
27.7	-39.31
27.8	-40.81
27.9	-40.43
28	-40.92
28.1	-39.61
28.2	-39.02
28.3	-40.74
28.4	-40.93
28.5	-36.83
28.6	-41.59
28.7	-37.4
28.8	-36.84
28.9	-41.49
29	-37.25
29.1	-38.99
29.2	-41.16
29.3	-39.74
29.4	-40.83
29.5	-39.75
29.6	-37.81
29.7	-36.82
29.8	-39.41
29.9	-37.14
30	-37.5
30.1	-39.22
30.2	-39.37
30.3	-38.82
30.4	-40.46
30.5	-37.81
30.6	-36.82
30.7	-37.12
30.8	-41.46
30.9	-36.82
31	-36.63
31.1	-39.01
31.2	-41.4
31.3	-37.96
31.4	-41.03
31.5	-37.21
31.6	-38.53
31.7	-40.94
31.8	-39.78
31.9	-37.44
32	-41.34
32.1	-41.6
32.2	-36.72
32.3	-41.37
32.4	-36.62
32.5	-36.79
32.6	-37.93
32.7	-40.08
32.8	-37.81
32.9	-36.83
33	-37.38
33.1	-41.23
33.2	-38.62
33.3	-37.24
33.4	-41.27
33.5	-40.37
33.6	-41.53
33.7	-39.4
33.8	-36.8
33.9	-39.92
34	-36.79
34.1	-38.54
34.2	-38.66
34.3	-36.73
34.4	-37.94
34.5	-37.49
34.6	-36.94
34.7	-38.28
34.8	-38.59
34.9	-36.95
35	-41.42
35.1	-41.21
35.2	-41.13
35.3	-38.91
35.4	-41
35.5	-38.61
35.6	-38.91
35.7	-40.3
35.8	-40.65
35.9	-41.39
36	-36.64
36.1	-41.57
36.2	-39.18
36.3	-41.47
36.4	-37.28
36.5	-41.25
36.6	-41.47
36.7	-40.4
36.8	-37.2
36.9	-38.63
37	-37.78
37.1	-36.98
37.2	-36.84
37.3	-36.76
37.4	-36.7
37.5	-41.61
37.6	-38.97
37.7	-40.83
37.8	-41.36
37.9	-38.62
38	-37.59
38.1	-37.51
38.2	-37.7
38.3	-40.71
38.4	-38.49
38.5	-37.47
38.6	-41.46
38.7	-39.78
38.8	-37.07
38.9	-38.95
39	-40.37
39.1	-38.15
39.2	-37.38
39.3	-39.99
39.4	-40.13
39.5	-37.92
39.6	-37.34
39.7	-36.81
39.8	-41.52
39.9	-41.49
40	-41.05
40.1	-38.64
40.2	-37.39
40.3	-41.6
40.4	-41.39
40.5	-38.15
40.6	-37.17
40.7	-40.57
40.8	-36.84
40.9	-41.49
41	-41.15
41.1	-36.95
41.2	-38.07
41.3	-36.81
41.4	-37.44
41.5	-36.75
41.6	-37.03
41.7	-37.14
41.8	-40.01
41.9	-41.47
42	-37
42.1	-40.61
42.2	-40.34
42.3	-38.56
42.4	-41.65
42.5	-40.17
42.6	-40.85
42.7	-39.47
42.8	-41.47
42.9	-36.71
43	-41.15
43.1	-36.88
43.2	-36.83
43.3	-41.61
43.4	-41.19
43.5	-36.84
43.6	-38.29
43.7	-40.03
43.8	-39.2
43.9	-40.6
44	-41.55
44.1	-40.95
44.2	-37.14
44.3	-40.07
44.4	-38.58
44.5	-38.71
44.6	-39.56
44.7	-41.37
44.8	-41.04
44.9	-41.67
45	-40.96
45.1	-37.81
45.2	-36.8
45.3	-37.31
45.4	-40.17
45.5	-40.3
45.6	-41.37
45.7	-41.58
45.8	-40.38
45.9	-40.45
46	-37.51
46.1	-41.36
46.2	-41.21
46.3	-36.83
46.4	-40.73
46.5	-41.73
46.6	-41.19
46.7	-36.82
46.8	-41.11
46.9	-36.91
47	-38.09
47.1	-40.76
47.2	-41.64
47.3	-41.19
47.4	-38.57
47.5	-41.5
47.6	-39.08
47.7	-41.68
47.8	-37.99
47.9	-37.42
48	-38.79
48.1	-40.46
48.2	-36.9
48.3	-41.66
48.4	-37
48.5	-36.72
48.6	-37.73
48.7	-37.13
48.8	-41.13
48.9	-36.68
49	-41.11
49.1	-37.6
49.2	-38.69
49.3	-37.94
49.4	-38.99
49.5	-36.88
49.6	-41.65
49.7	-38.37
49.8	-39.21
49.9	-40.93
50	-37.71
50.1	-36.84
50.2	-40.29
50.3	-41.22
50.4	-39.29
50.5	-36.92
50.6	-41.13
50.7	-37.61
50.8	-38.03
50.9	-38.47
51	-38.42
51.1	-40.84
51.2	-38.74
51.3	-39.54
51.4	-40.57
51.5	-39.99
51.6	-37.83
51.7	-39.8
51.8	-39.37
51.9	-40.97
52	-37.39
52.1	-36.9
52.2	-39.48
52.3	-38.68
52.4	-39.25
52.5	-39.22
52.6	-37.15
52.7	-39.68
52.8	-38.32
52.9	-40.35
53	-40.83
53.1	-41.57
53.2	-38.34
53.3	-38.12
53.4	-37.19
53.5	-38.23
53.6	-37.66
53.7	-36.84
53.8	-41.16
53.9	-37.5
54	-39.09
54.1	-37.11
54.2	-38.74
54.3	-39.79
54.4	-41.12
54.5	-37.99
54.6	-38.46
54.7	-37.73
54.8	-41.21
54.9	-41.64
55	-37.1
55.1	-38.24
55.2	-41.62
55.3	-38.29
55.4	-36.82
55.5	-41.67
55.6	-39.06
55.7	-40.62
55.8	-40.1
55.9	-40.13
56	-38.74
56.1	-39
56.2	-41.5
56.3	-39.87
56.4	-41.14
56.5	-37.51
56.6	-40.01
56.7	-39.18
56.8	-39.86
56.9	-39.08
57	-40.22
57.1	-40.6
57.2	-37.2
57.3	-39.25
57.4	-40.39
57.5	-36.88
57.6	-37.65
57.7	-37.83
57.8	-39.75
57.9	-36.84
58	-38.44
58.1	-38.34
58.2	-39.51
58.3	-41.61
58.4	-38.24
58.5	-39.45
58.6	-38.17
58.7	-37.04
58.8	-41.65
58.9	-41.46
59	-39.22
59.1	-38.89
59.2	-40.34
59.3	-36.99
59.4	-37.07
59.5	-38.92
59.6	-38.38
59.7	-40.71
59.8	-41.66
59.9	-41.25
60	-40.56
60.1	-40.09
60.2	-38.17
60.3	-37.11
60.4	-38.13
60.5	-41.59
60.6	-36.74
60.7	-37.25
60.8	-39.49
60.9	-37.09
61	-37.27
61.1	-37.29
61.2	-39.38
61.3	-41.16
61.4	-39.63
61.5	-39.6
61.6	-39.85
61.7	-36.82
61.8	-40.38
61.9	-37.21
62	-41.58
62.1	-36.82
62.2	-40.19
62.3	-41.58
62.4	-37.68
62.5	-39.52
62.6	-38.57
62.7	-37.41
62.8	-41.44
62.9	-40.47
63	-36.97
63.1	-40.35
63.2	-41.05
63.3	-38.72
63.4	-37.21
63.5	-40.09
63.6	-39.18
63.7	-39.76
63.8	-41.47
63.9	-37.55
64	-40.92
64.1	-38.17
64.2	-38.84
64.3	-41.75
64.4	-38.41
64.5	-40.27
64.6	-41.5
64.7	-39.37
64.8	-41.61
64.9	-40.4
65	-37.2
65.1	-37.4
65.2	-41.66
65.3	-36.99
65.4	-37.19
65.5	-40.01
65.6	-40.88
65.7	-41.01
65.8	-37.51
65.9	-37.6
66	-37.94
66.1	-41.71
66.2	-41.75
66.3	-37.38
66.4	-41.06
66.5	-38.48
66.6	-39.08
66.7	-37.48
66.8	-41.62
66.9	-36.78
67	-38.64
67.1	-41.69
67.2	-39.64
67.3	-37.06
67.4	-37.11
67.5	-37.47
67.6	-37.53
67.7	-39.01
67.8	-40.5
67.9	-40.89
68	-37.55
68.1	-41.6
68.2	-41.68
68.3	-37.59
68.4	-37.38
68.5	-37.86
68.6	-37.71
68.7	-41.41
68.8	-41.38
68.9	-40.51
69	-41.66
69.1	-38.99
69.2	-41.74
69.3	-38.45
69.4	-40.32
69.5	-39.75
69.6	-40.36
69.7	-41.25
69.8	-37.6
69.9	-38.26
70	-41.37
70.1	-37.19
70.2	-37.81
70.3	-41.69
70.4	-41.45
70.5	-37.42
70.6	-40.02
70.7	-40.79
70.8	-37.14
70.9	-41.1
71	-41.42
71.1	-38.52
71.2	-39.7
71.3	-38.91
71.4	-41.57
71.5	-41.63
71.6	-37.87
71.7	-41.67
71.8	-37.13
71.9	-39.17
72	-38.23
72.1	-40.37
72.2	-37.49
72.3	-36.95
72.4	-40.97
72.5	-36.87
72.6	-41.22
72.7	-37.66
72.8	-40.23
72.9	-36.81
73	-40.37
73.1	-37.41
73.2	-38.11
73.3	-37.11
73.4	-41.12
73.5	-40.08
73.6	-37.84
73.7	-38.13
73.8	-38.33
73.9	-40.17
74	-37.07
74.1	-41.51
74.2	-36.91
74.3	-36.86
74.4	-37.81
74.5	-37.13
74.6	-37.39
74.7	-41.22
74.8	-39.75
74.9	-37.84
75	-41.59
75.1	-41.6
75.2	-37.06
75.3	-37.51
75.4	-41.7
75.5	-40.71
75.6	-40.79
75.7	-37.12
75.8	-37.4
75.9	-38.01
76	-36.99
76.1	-38.44
76.2	-40.43
76.3	-36.76
76.4	-41.62
76.5	-41.67
76.6	-38.89
76.7	-40
76.8	-36.78
76.9	-38.64
77	-40.84
77.1	-40.98
77.2	-37.33
77.3	-37.34
77.4	-36.84
77.5	-40.8
77.6	-41.55
77.7	-37.88
77.8	-41.66
77.9	-41.76
78	-37.19
78.1	-38.42
78.2	-41.64
78.3	-37.91
78.4	-36.97
78.5	-41.42
78.6	-38.08
78.7	-37.08
78.8	-38.08
78.9	-38.48
79	-37.56
79.1	-40.46
79.2	-37.31
79.3	-38.64
79.4	-36.99
79.5	-37.08
79.6	-37.28
79.7	-40.71
79.8	-36.97
79.9	-37.25
80	-38.62
80.1	-37
80.2	-38.89
80.3	-36.82
80.4	-38.8
80.5	-40.9
80.6	-38.66
80.7	-41.01
80.8	-41.12
80.9	-41.55
81	-41.72
81.1	-39.04
81.2	-41.08
81.3	-38.71
81.4	-39.84
81.5	-38.07
81.6	-40.28
81.7	-38.2
81.8	-41.67
81.9	-41.75
82	-40.16
82.1	-37.6
82.2	-36.83
82.3	-41.77
82.4	-41.35
82.5	-40.72
82.6	-37.46
82.7	-37
82.8	-37.01
82.9	-37.48
83	-37.7
83.1	-39.11
83.2	-38.94
83.3	-37.01
83.4	-39.21
83.5	-37.84
83.6	-38.47
83.7	-40.46
83.8	-37.93
83.9	-41.12
84	-37.67
84.1	-41.32
84.2	-39.37
84.3	-37.01
84.4	-36.84
84.5	-40.63
84.6	-41.74
84.7	-41.78
84.8	-41.65
84.9	-38.33
85	-39.92
85.1	-41.49
85.2	-38.05
85.3	-41.91
85.4	-39.97
85.5	-37.35
85.6	-41.6
85.7	-39.34
85.8	-41.11
85.9	-41.4
86	-40.17
86.1	-38.46
86.2	-40.32
86.3	-40.35
86.4	-40.87
86.5	-41.81
86.6	-38.7
86.7	-37.37
86.8	-39.38
86.9	-36.81
87	-36.85
87.1	-36.8
87.2	-40.95
87.3	-41.6
87.4	-41.67
87.5	-36.99
87.6	-41.37
87.7	-40.03
87.8	-37.21
87.9	-37.49
88	-41.4
88.1	-39.03
88.2	-36.93
88.3	-41.56
88.4	-39.1
88.5	-40.12
88.6	-38.61
88.7	-37.99
88.8	-37.44
88.9	-37.05
89	-36.86
89.1	-37.84
89.2	-40.37
89.3	-40.39
89.4	-40.74
89.5	-39.11
89.6	-36.99
89.7	-41.29
89.8	-39.49
89.9	-41.73
90	-40.89
90.1	-41.63
90.2	-41.77
90.3	-41.55
90.4	-36.94
90.5	-38.29
90.6	-39.65
90.7	-41.38
90.8	-39.13
90.9	-39.12
91	-37.48
91.1	-37.11
91.2	-38.09
91.3	-41.7
91.4	-37.77
91.5	-38.61
91.6	-36.84
91.7	-41.54
91.8	-37.51
91.9	-40.08
92	-41.52
92.1	-36.97
92.2	-41.37
92.3	-41.23
92.4	-41.75
92.5	-38.74
92.6	-37.96
92.7	-41.64
92.8	-38.14
92.9	-39.2
93	-41.69
93.1	-37.21
93.2	-38.54
93.3	-40.94
93.4	-41.85
93.5	-37.07
93.6	-40.13
93.7	-38.52
93.8	-41.78
93.9	-38.64
94	-39.07
94.1	-39.78
94.2	-36.73
94.3	-37.28
94.4	-36.92
94.5	-38.55
94.6	-41.9
94.7	-37.02
94.8	-38.12
94.9	-37.09
95	-37.54
95.1	-36.99
95.2	-41.52
95.3	-38.14
95.4	-37.76
95.5	-37.32
95.6	-41.6
95.7	-41.87
95.8	-38.25
95.9	-40.18
96	-40.12
96.1	-41.75
96.2	-40.17
96.3	-40.6
96.4	-37.05
96.5	-40.29
96.6	-37.04
96.7	-39.28
96.8	-38.28
96.9	-38.86
97	-40.07
97.1	-36.99
97.2	-41.72
97.3	-41.63
97.4	-41.86
97.5	-41.76
97.6	-41.74
97.7	-39.39
97.8	-36.99
97.9	-41.82
98	-41.52
98.1	-38.09
98.2	-40.76
98.3	-41.49
98.4	-37.06
98.5	-37.91
98.6	-38.14
98.7	-40.34
98.8	-38.95
98.9	-38.43
99	-37.11
99.1	-39.58
99.2	-38.68
99.3	-38.66
99.4	-41.85
99.5	-41.35
99.6	-41.68
99.7	-39.15
99.8	-37.07
99.9	-41.71
100	-41.5
100.1	-41.79
100.2	-40.12
100.3	-37.34
100.4	-39.8
100.5	-38
100.6	-41.34
100.7	-41.18
100.8	-41.74
100.9	-39.38
101	-37.83
101.1	-37.24
101.2	-40.05
101.3	-38.69
101.4	-41.7
101.5	-40.87
101.6	-39.49
101.7	-41.87
101.8	-37.23
101.9	-36.99
102	-41.36
102.1	-41.89
102.2	-41.78
102.3	-39.94
102.4	-37.17
102.5	-41.48
102.6	-41.23
102.7	-38.09
102.8	-41.72
102.9	-37.28
103	-37.02
103.1	-41.73
103.2	-41.84
103.3	-41.33
103.4	-39.28
103.5	-37
103.6	-38.64
103.7	-39.37
103.8	-37.01
103.9	-38.59
104	-37.81
104.1	-41.45
104.2	-41.75
104.3	-37.01
104.4	-40.72
104.5	-39.28
104.6	-40.94
104.7	-41.68
104.8	-38.88
104.9	-37.37
105	-38.09
105.1	-41.56
105.2	-37.36
105.3	-41.75
105.4	-37.86
105.5	-37.02
105.6	-38.21
105.7	-38.24
105.8	-41.84
105.9	-40.99
106	-40.13
106.1	-40.06
106.2	-40.85
106.3	-40.73
106.4	-41.28
106.5	-41.62
106.6	-41.42
106.7	-37.46
106.8	-37.16
106.9	-40.22
107	-37.72
107.1	-37.67
107.2	-37.23
107.3	-36.94
107.4	-39.92
107.5	-37.18
107.6	-37.38
107.7	-37.31
107.8	-41.12
107.9	-41.27
108	-38.78
108.1	-37.14
108.2	-40.47
108.3	-41.86
108.4	-37.28
108.5	-40.39
108.6	-36.93
108.7	-40.7
108.8	-36.94
108.9	-39.76
109	-39.8
109.1	-37.14
109.2	-40.95
109.3	-37.02
109.4	-41.77
109.5	-36.95
109.6	-41.25
109.7	-38.95
109.8	-39.28
109.9	-41.79
110	-41.18
110.1	-41.89
110.2	-39.33
110.3	-41.95
110.4	-41.63
110.5	-37.05
110.6	-39.78
110.7	-36.97
110.8	-38.64
110.9	-36.99
111	-40.58
111.1	-36.99
111.2	-37.13
111.3	-38.63
111.4	-41.08
111.5	-40.17
111.6	-36.99
111.7	-38.12
111.8	-42.05
111.9	-37.47
112	-38.48
112.1	-39.24
112.2	-39.32
112.3	-41.86
112.4	-37.87
112.5	-37.31
112.6	-37.53
112.7	-41.5
112.8	-38.06
112.9	-40.29
113	-41.92
113.1	-41.17
113.2	-37.74
113.3	-41.17
113.4	-38.93
113.5	-37.64
113.6	-38.28
113.7	-40.8
113.8	-39.64
113.9	-38.54
114	-41.84
114.1	-38.08
114.2	-37.59
114.3	-38.05
114.4	-39.57
114.5	-37.02
114.6	-37.74
114.7	-40.26
114.8	-38.8
114.9	-41.44
115	-41.8
115.1	-39.3
115.2	-37.98
115.3	-41.48
115.4	-40.9
115.5	-41.58
115.6	-37.3
115.7	-41.7
115.8	-40.4
115.9	-37.31
116	-37.54
116.1	-38.86
116.2	-37.03
116.3	-41.21
116.4	-41.01
116.5	-37.11
116.6	-38.03
116.7	-41.25
116.8	-37.48
116.9	-37.1
117	-39.39
117.1	-38.03
117.2	-41.77
117.3	-41.24
117.4	-40.78
117.5	-41.24
117.6	-41.84
117.7	-38.45
117.8	-37.47
117.9	-39.27
118	-41.72
118.1	-38.46
118.2	-36.98
118.3	-37.2
118.4	-40.83
118.5	-39.27
118.6	-41.88
118.7	-37.04
118.8	-37.14
118.9	-39.54
119	-41.83
119.1	-41.88
119.2	-41.05
119.3	-40.09
119.4	-38.54
119.5	-37.89
119.6	-39.52
119.7	-41.88
119.8	-38.29
119.9	-37.51
120	-37.25
120.1	-41.65
120.2	-38.21
120.3	-39.14
120.4	-37.04
120.5	-37.65
120.6	-37.04
120.7	-41.25
120.8	-40.65
120.9	-40.69
121	-40.75
121.1	-41.09
121.2	-37.61
121.3	-39.57
121.4	-37.37
121.5	-37.16
121.6	-38.77
121.7	-41.36
121.8	-40.07
121.9	-41.85
122	-39.35
122.1	-38.08
122.2	-39.17
122.3	-39.28
122.4	-41.92
122.5	-37.72
122.6	-41.98
122.7	-40
122.8	-37.31
122.9	-37.05
123	-41.6
123.1	-41.97
123.2	-37.16
123.3	-37.37
123.4	-41.6
123.5	-37.08
123.6	-40.77
123.7	-37.85
123.8	-37.88
123.9	-37.36
124	-37.25
124.1	-40.33
124.2	-37.31
124.3	-41.85
124.4	-41.84
124.5	-38.11
124.6	-41.28
124.7	-41.94
124.8	-40.85
124.9	-41.54
125	-36.94
125.1	-40.77
125.2	-40.46
125.3	-37.82
125.4	-40.04
125.5	-37.21
125.6	-40.52
125.7	-41.19
125.8	-38.99
125.9	-39.32
126	-41.51
126.1	-41.98
126.2	-38.74
126.3	-41.91
126.4	-41.49
126.5	-37.12
126.6	-37.85
126.7	-40
126.8	-37.17
126.9	-39.53
127	-40.49
127.1	-39.24
127.2	-39.34
127.3	-41.79
127.4	-37.13
127.5	-40.56
127.6	-39.17
127.7	-36.95
127.8	-41.58
127.9	-36.96
128	-39.08
128.1	-39.28
128.2	-40.91
128.3	-40.65
128.4	-40.11
128.5	-39.29
128.6	-38.85
128.7	-38.21
128.8	-38.43
128.9	-37.48
129	-38.74
129.1	-39.86
129.2	-37.36
129.3	-38.98
129.4	-37.08
129.5	-39.54
129.6	-37.81
129.7	-40.35
129.8	-38.29
129.9	-38.65
