Isomers              1           1           1           1           1           1           1           1           1           1           1           1           1           1           1           1           1           1           1           1           1           1           1           1           1           1           1           1           1           1           1           1           1           1           1           1           1           1           1           1           1  
IsoScale        1.0000      1.0000      1.0000      1.0000      1.0000      1.0000      1.0000      1.0000      1.0000      1.0000      1.0000      1.0000      1.0000      1.0000      1.0000      1.0000      1.0000      1.0000      1.0000      1.0000      1.0000      1.0000      1.0000      1.0000      1.0000      1.0000      1.0000      1.0000      1.0000      1.0000      1.0000      1.0000      1.0000      1.0000      1.0000      1.0000      1.0000      1.0000      1.0000      1.0000      1.0000  
Delay         246.2202    247.5973    269.1606    272.1357    297.1148    416.2289    426.2144    432.8987    433.2331    433.5679    433.9035    500.7726    504.3297    506.2734    513.2811    514.7682    532.3231    534.2671    535.2692    569.3020    569.8027    583.3002    583.8007    584.3019    619.3539    620.3583    647.3507    648.3555    649.3535    669.3808    756.4120    757.4152    767.3853    784.4114    785.4086    786.4177    853.4652   1000.5410   1001.5342   1028.5273   1029.5344   Noise
  0.00000     0.00000     0.43921     0.00000     0.00000     0.24424     0.00000     0.00000   100.00000    76.89930    33.28030    10.07608     0.00000     0.00000     0.00000     0.00000     0.00000     0.00000     0.00000     0.00000     0.00000     0.00000     0.00000     0.00000     0.00000     0.00000     0.00000     0.00000     0.00000     1.40985     0.00000     0.00000     0.00000     0.00000     0.00000     0.00000     0.00000     0.00000     0.00000     0.00000     0.00000     0.00000     0.22740
  0.50000     0.00000     0.00000     0.00000     0.00000     0.76984     0.00000     0.00000   100.00000    77.71828    33.20106     9.58505     0.00000     0.00000     0.00000     0.00000     0.00000     0.00000     0.00000     0.00000     0.00000     0.00000     0.31496     0.00000     0.00000     0.00000     0.00000     0.00000     0.00000     1.33258     0.00000     0.00000     0.00000     0.00000     0.00000     0.00000     0.00000     0.00000     0.00000     0.00000     0.00000     0.00000     0.22934
  1.00000     0.26962     0.46570     0.00000     0.00000     0.52368     0.00000     0.00000   100.00000    77.92809    32.91403     9.67413     0.00000     0.00000     0.00000     0.00000     0.00000     0.00000     0.00000     0.00000     0.00000     0.00000     0.34681     0.00000     0.00000     0.00000     0.00000     0.00000     0.00000     1.17105     0.00000     0.00000     0.00000     0.00000     0.00000     0.00000     0.00000     0.00000     0.00000     0.00000     0.00000     0.00000     0.22066
  1.50000     0.00000     0.57484     0.00000     0.00000     0.33501     0.00000     0.00000   100.00000    77.39912    32.17023     9.74905     0.00000     0.00000     0.00000     0.00000     0.00000     0.00000     0.00000     0.00000     0.00000     0.00000     0.38192     0.31092     0.00000     0.00000     0.00000     0.00000     0.00000     1.21502     0.00000     0.00000     0.00000     0.00000     0.00000     0.00000     0.00000     0.00000     0.00000     0.00000     0.00000     0.00000     0.21919
  2.00000     0.00000     0.27674     0.00000     0.00000     0.79491     0.00000     0.00000   100.00000    78.02915    33.27209     9.61035     0.00000     0.00000     0.00000     0.22925     0.00000     0.00000     0.00000     0.00000     0.00000     0.00000     0.49676     0.31046     0.00000     0.00000     0.00000     0.00000     0.00000     1.44650     0.00000     0.00000     0.00000     0.00000     0.00000     0.00000     0.00000     0.00000     0.00000     0.00000     0.00000     0.00000     0.20792
  2.50000     0.00000     0.49136     0.00000     0.00000     0.62834     0.00000     0.00000   100.00000    78.41528    33.00546     9.83373     0.00000     0.00000     0.00000     0.30354     0.00000     0.00000     0.00000     0.00000     0.00000     0.00000     0.77560     0.49269     0.00000     0.00000     0.00000     0.31778     0.00000     1.54088     0.00000     0.00000     0.00000     0.00000     0.00000     0.00000     0.00000     0.00000     0.00000     0.00000     0.00000     0.00000     0.20164
  3.00000     0.00000     0.00000     0.00000     0.00000     1.83891     0.00000     0.00000   100.00000    78.07041    32.92140     9.18783     0.00000     0.00000     0.00000     0.50607     0.00000     0.00000     0.00000     0.00000     0.00000     0.00000     1.07493     0.79103     0.00000     0.00000     0.00000     0.45736     0.00000     1.29963     0.00000     0.00000     0.00000     0.00000     0.00000     0.00000     0.00000     0.00000     0.00000     0.00000     0.00000     0.00000     0.26807
  3.50000     0.68083     0.00000     0.00000     0.00000     2.11387     0.00000     0.00000   100.00000    77.05708    31.92319     9.59273     0.00000     0.00000     0.00000     0.69952     0.00000     0.00000     0.00000     0.00000     0.00000     0.00000     1.55803     1.22088     0.00000     0.00000     0.00000     0.84939     0.00000     1.27684     0.00000     0.00000     0.00000     0.00000     0.67724     0.00000     0.00000     0.00000     0.00000     0.00000     0.00000     0.00000     0.50195
  4.00000     0.35398     0.36441     0.00000     0.00000     1.21710     0.00000     0.00000   100.00000    77.94646    33.14839    10.00459     0.00000     0.00000     0.00000     1.11082     0.00000     0.00000     0.00000     0.00000     0.36903     0.00000     2.31733     1.54524     0.57490     0.00000     0.00000     1.14787     0.35661     1.62529     0.00000     0.00000     0.00000     0.00000     0.68015     0.00000     0.00000     0.00000     0.00000     0.00000     0.00000     0.00000     0.22252
  4.50000     0.48093     0.43133     0.00000     0.00000     0.80505     0.00000     0.00000   100.00000    78.08543    32.93555     9.50042     0.00000     0.00000     0.00000     1.41920     0.00000     0.00000     0.00000     0.00000     0.51483     0.26359     3.43325     2.17629     0.84041     0.00000     0.00000     1.71128     0.47703     1.47935     0.00000     0.00000     0.00000     0.00000     0.97575     0.34170     0.00000     0.00000     0.00000     0.00000     0.00000     0.23138     0.22556
  5.00000     0.00000     0.00000     0.00000     0.00000     1.48095     0.00000     0.00000   100.00000    77.33028    31.97913     9.69607     0.00000     0.00000     0.00000     2.21737     0.24906     0.00000     0.00000     0.00000     0.61441     0.44550     4.98297     3.07516     1.09726     0.00000     0.00000     2.48845     0.84295     1.50208     0.00000     0.00000     0.00000     0.00000     1.40431     0.53566     0.00000     0.00000     0.00000     0.00000     0.35371     0.00000     0.24121
  5.50000     0.00000     0.70489     0.00000     0.00000     1.24683     0.00000     0.00000   100.00000    76.51727    33.73272     9.71630     0.00000     0.00000     0.00000     2.93987     0.28078     0.00000     0.00000     0.00000     1.25837     0.71673     6.69125     4.43527     1.72680     0.32565     0.00000     3.88555     1.27755     1.83521     0.00000     0.00000     0.00000     0.00000     2.31735     0.90672     0.00000     0.00000     0.00000     0.00000     0.57695     0.33525     0.24803
  6.00000     0.39555     0.00000     0.00000     0.00000     1.34915     0.00000     0.36238   100.00000    76.21023    32.61818     9.36542     0.00000     0.00000     0.00000     3.66896     0.42463     0.00000     0.44847     0.00000     1.57792     1.03661     7.63557     5.45513     2.02024     0.48818     0.00000     5.50921     1.80679     1.76861     0.00000     0.00000     0.00000     0.00000     2.80171     1.17934     0.00000     0.00000     0.00000     0.00000     0.50095     0.00000     0.28691
  6.50000     0.41256     0.00000     0.39328     0.00000     1.88005     0.00000     0.44640   100.00000    78.69904    32.69008     9.45675     0.29409     0.00000     0.00000     5.57063     0.68718     0.30058     0.75147     0.00000     2.75315     1.54780    11.21544     8.05958     2.82456     0.78041     0.31053     9.25068     3.00255     1.95630     0.27937     0.00000     0.00000     0.00000     5.15448     2.11835     0.50277     0.00000     0.00000     0.00000     1.25581     0.57773     0.27728
  7.00000     0.00000     0.53937     0.35805     0.00000     0.93518     0.00000     0.77129   100.00000    76.78302    34.17678     9.90003     0.51706     0.00000     0.00000     7.32959     1.12550     0.45107     1.11467     0.00000     3.80682     2.35651    13.83865    10.03884     3.88768     1.10340     0.45718    13.51155     4.58710     2.34324     0.56740     0.00000     0.00000     0.00000     7.51674     2.98810     0.78425     0.00000     0.00000     0.00000     1.78039     0.94967     0.31028
  7.50000     0.00000     0.00000     0.72228     0.00000     0.93011     0.00000     1.11543   100.00000    76.82973    32.39613     9.75204     0.78521     0.00000     0.00000     8.75712     1.50148     0.78880     1.74990     0.37639     5.32772     3.60771    17.69902    12.40913     4.67187     2.04745     0.67717    20.40042     6.91300     2.76325     0.80320     0.50568     0.00000     0.00000    10.85579     4.54986     1.22903     0.00000     0.00000     0.00000     2.77379     1.63367     0.35248
  8.00000     0.44339     0.00000     0.90469     0.00000     1.16525     0.00000     1.51388   100.00000    78.09551    32.83904     9.66817     1.20425     0.00000     0.00000    11.15775     2.33071     0.85639     2.22795     0.73192     7.14980     4.83010    20.05105    13.39461     5.39978     3.33778     0.89361    29.67862    10.08827     3.35046     1.14822     0.76533     0.00000     0.74340    15.10943     6.31981     1.62645     0.00000     0.45538     0.00000     3.93834     2.23861     0.40488
  8.50000     0.46390     0.86366     1.52344     0.00000     0.00000     0.66097     2.01281   100.00000    77.85991    31.99596     9.51732     1.75924     0.00000     0.00000    13.54771     3.49667     1.69059     3.45247     1.08074     9.43221     6.60467    22.51504    16.44591     6.10671     5.09467     1.77570    43.49446    15.09722     4.66089     1.85257     1.29684     0.54946     0.91900    22.23366     9.59902     2.53143     0.00000     0.49112     0.00000     6.59582     3.78134     0.46080
  9.00000     0.00000     0.54572     2.01145     0.00000     1.97145     0.84211     2.69892   100.00000    77.10220    32.97863    10.11061     2.73564     0.00000     0.00000    14.98955     4.26173     2.24326     4.58536     1.21486    11.07516     7.70093    22.01797    15.90757     5.91264     7.79823     2.54625    55.48907    19.81704     5.65205     2.97613     1.70841     0.76269     1.43046    29.02248    12.54342     3.49484     0.64613     1.19617     0.73062     9.95207     5.47549     0.52426
  9.50000     0.00000     0.85301     2.55219     0.00000     1.33724     0.97222     3.58909   100.00000    78.30762    32.79854     9.98445     3.30225     0.65041     0.00000    15.72291     5.54057     2.90164     6.14947     1.75331    12.68323     8.83545    21.44100    15.26235     5.67143    11.79889     3.83721    70.39754    25.35357     6.96561     3.72959     2.80755     1.09002     1.98340    41.42775    18.35821     5.09261     0.84491     1.84670     1.31461    15.21271     9.35902     0.52075
  10.00000     0.00000     1.20613     3.43395     0.00000     3.69342     0.90843     4.29923   100.00000    78.48429    32.53391     9.31013     4.68641     1.00912     0.68819    15.73128     6.00830     3.92409     8.14283     2.36118    13.66283     8.97835    18.61548    13.35640     5.16290    16.16217     5.45620    82.78537    29.73699     8.15602     5.07890     3.75482     1.60355     2.67752    46.81816    20.61883     5.38383     0.91300     2.52854     1.19698    14.77465     9.37511     0.65707
  10.50000     0.00000     0.91538     3.73908     0.00000     2.42930     1.02630     4.91040   100.00000    78.00356    32.90760     9.14590     5.64775     1.51393     0.86086    14.93334     6.55077     5.34082    10.30250     3.02507    12.78555     9.08084    15.08979    10.56760     4.15597    21.42714     6.98679    91.93795    33.35884     9.40318     6.04517     5.30978     2.23823     3.66871    55.90187    24.45280     6.41701     1.21330     3.70454     2.03048    20.77337    12.86026     0.64448
  11.00000     0.00000     1.84310     4.32552     0.00000     3.51737     1.22514     5.39949   100.00000    75.79990    33.52818     9.39908     6.65886     1.44539     0.00000    14.11681     6.37550     5.83652    11.65448     3.18521    11.77676     8.15329    11.31562     7.39598     2.93294    28.72075     9.66847    99.56046    36.64679     9.78302     7.55479     6.54838     2.82108     4.16737    57.43678    25.01103     6.72903     0.85511     3.62203     2.29235    16.71436    10.11653     0.82033
  11.50000     0.00000     0.00000     4.35924     0.00000     3.80877     1.23281     5.40697   100.00000    77.66241    32.88586     9.69804     6.91479     2.38405     1.55241    11.50169     5.19333     6.45562    13.72731     3.63142     8.54151     5.75346     7.31576     4.74891     1.94911    30.93168    10.25513    90.26756    32.71152     9.14753     7.78481     7.68100     3.15962     4.15514    55.75134    24.64615     6.41538     1.18800     5.57336     3.19127    17.78786    10.56733     0.73323
  12.00000     0.00000     0.00000     4.87491     0.00000     3.88400     1.25379     5.89772   100.00000    77.00132    33.42696    10.02279     6.67116     3.23282     1.92399    10.18097     5.08990     6.95913    15.32644     4.46974     6.93164     4.82157     4.28942     3.39349     1.14513    39.14591    13.66001    95.22470    34.48590     9.05386     9.56801     9.81750     4.37431     5.72289    64.76417    28.58165     7.04517     1.12764     7.19939     4.24540    19.47462    12.09833     0.79526
  12.50000     0.78037     0.00000     4.07697     0.80303     1.88183     1.31591     5.20559   100.00000    77.05914    31.27528     9.83758     6.30258     3.52074     1.98134     7.41021     3.33305     6.46194    15.85567     4.45141     4.56796     3.04434     2.41764     1.64851     0.00000    37.91048    12.68998    79.23772    28.94179     7.76079     8.76713     9.48813     4.15078     4.62269    54.69794    24.94126     6.25665     0.79156     6.91969     4.18691    15.75275     9.61631     0.72442
  13.00000     0.91270     0.00000     5.04905     1.25929     3.50955     0.90541     4.90001   100.00000    79.81262    33.10233     9.04182     6.52013     5.17287     2.79488     6.94821     3.02278     6.88876    19.65264     5.68910     2.99991     2.31524     1.80351     0.93435     0.00000    48.32595    16.65724    84.00301    30.20180     8.47177    11.24427    12.03083     5.60035     5.41140    62.72085    27.49138     6.69984     0.00000     9.14183     5.57270    16.12945     9.77094     0.87711
  13.50000     0.00000     0.82133     4.26349     0.84136     0.00000     1.28480     4.72303   100.00000    77.20222    32.88805     9.92338     4.39644     4.65983     2.80178     4.83828     2.06506     6.56281    17.86466     4.87713     1.99716     1.18547     1.14190     0.00000     0.00000    44.53214    15.29606    66.63201    23.78734     7.13838    10.12552    12.03895     4.91851     4.82427    53.15498    23.59550     6.23703     0.00000     9.40833     6.01648    13.17292     7.51819     0.73831
  14.00000     0.98130     1.45632     4.16457     1.00026     3.98556     0.90961     3.90308   100.00000    77.26822    32.21342     9.95451     3.44937     5.72464     3.08793     4.07988     1.00061     6.07510    17.46483     5.11682     1.13946     0.76698     0.00000     0.00000     0.00000    44.86074    15.40493    58.50886    20.71192     6.51603     9.09425    12.36200     5.27680     5.14544    49.15305    22.59853     5.79694     0.86131     9.38861     5.76640    10.99205     7.14121     0.72855
  14.50000     0.00000     1.78822     3.50163     1.09180     1.81193     0.75178     3.71083   100.00000    76.76656    31.21852     9.90597     2.70748     5.78340     3.84703     3.55620     0.73589     5.57946    17.00535     5.05646     0.00000     0.00000     0.00000     0.00000     0.00000    45.17958    15.24485    50.55057    17.92769     5.75445     9.15541    12.59762     5.42995     5.12233    42.34496    19.05273     5.00578     0.00000     8.56053     5.24602     7.55027     4.63382     0.73010
  15.00000     0.00000     1.90900     3.43465     1.19401     1.58115     0.93636     3.13668   100.00000    75.82423    32.71453     9.70809     2.04996     6.01139     4.17066     2.00964     0.00000     4.84016    17.00322     4.82929     0.00000     0.00000     0.00000     0.00000     0.00000    44.08010    15.17361    44.02730    16.47752     4.87288     8.57971    12.93621     5.43304     4.92981    37.77922    16.47515     4.47976     0.00000     8.17045     5.23897     5.95997     3.55962     0.75729
  15.50000     0.86915     1.45488     3.03757     1.25069     3.38572     0.80799     3.09639   100.00000    76.84142    32.13490     9.26536     1.30803     6.87296     4.35841     2.19878     0.00000     4.63003    15.93271     4.46012     0.00000     0.00000     0.00000     0.00000     0.00000    40.86983    14.51158    36.28800    12.79439     4.63852     8.23614    11.68421     5.20795     3.85131    31.95470    14.04292     3.45988     0.00000     7.59063     4.55016     4.41356     2.97579     0.70715
  16.00000     0.00000     2.48433     3.06416     1.75710     1.37696     0.00000     2.66771   100.00000    78.00545    33.60532     9.95900     1.34404     7.21280     5.55318     1.52559     0.00000     4.37415    18.16373     4.85601     0.00000     0.00000     0.00000     0.00000     0.00000    43.05014    15.05870    36.85796    13.00971     4.98337     8.10631    13.16057     5.57616     3.83465    30.81658    13.63231     3.71823     0.00000     7.46333     4.30266     3.21896     2.10136     0.78558
  16.50000     0.88556     2.07858     2.70659     1.54074     3.36067     0.00000     2.17532   100.00000    76.65923    33.40652     8.85912     0.00000     6.52649     5.16174     1.32764     0.00000     3.68524    15.67710     4.36707     0.00000     0.00000     0.00000     0.00000     0.00000    37.03674    13.44193    28.84491    10.22308     3.89277     7.22053    11.16910     4.70890     3.08280    22.99361    10.14097     2.87703     0.00000     5.41637     3.25119     1.99416     1.04414     0.74417
  17.00000     1.09126     1.30226     2.44235     2.06238     0.86740     0.00000     1.92740   100.00000    79.17512    33.83358     9.40312     0.00000     7.45886     5.63916     0.00000     0.00000     3.39529    15.41403     4.36409     0.00000     0.00000     0.00000     0.00000     0.00000    37.15491    12.82563    26.94333     9.49231     3.59186     6.35649    11.43976     5.09508     3.27849    21.03691     9.37080     2.48363     0.00000     4.65848     3.01679     1.56567     1.43139     0.76398
  17.50000     1.62147     1.21222     2.07519     1.87727     4.83748     0.00000     2.03906   100.00000    78.59870    32.61081     9.78043     0.00000     7.20374     5.69956     0.90575     0.00000     3.00813    14.48904     4.27293     0.00000     0.00000     0.00000     0.00000     0.00000    34.52050    12.26929    24.11012     8.48130     3.69108     5.90500    11.42450     4.89028     3.04138    19.08542     8.53164     2.28532     0.00000     4.64794     2.87626     0.99562     1.02349     0.75975
  18.00000     0.00000     1.45545     1.88336     1.83803     3.50414     0.00000     1.48820   100.00000    77.40585    32.79931     9.65268     0.00000     7.00106     5.70537     0.75943     0.00000     2.44943    12.53994     3.18381     0.00000     0.00000     0.00000     0.00000     0.00000    29.65982    10.42042    19.01454     7.22148     3.92239     5.04857     9.38539     4.13540     2.33636    13.77820     6.09828     1.71680     0.00000     3.30876     2.15043     0.72152     0.00000     0.70978
  18.50000     0.85730     0.00000     1.99536     2.31695     2.17056     0.00000     1.14202   100.00000    76.33559    32.12404     9.49903     0.00000     6.74033     5.86588     0.00000     0.00000     2.73611    11.72223     3.45036     0.00000     0.00000     0.00000     0.00000     0.00000    27.25382     9.56045    16.92252     5.97113     3.43154     4.28325     9.38640     3.80082     2.17702    11.37835     4.96008     1.03924     0.00000     2.69652     1.64330     0.00000     0.00000     0.76482
  19.00000     2.16349     1.74570     1.85323     2.17380     2.96857     0.00000     1.33216   100.00000    77.29309    33.24384     9.97438     0.00000     6.86607     6.20617     0.00000     0.00000     2.20771     9.43142     3.33232     0.00000     0.00000     0.00000     0.00000     0.00000    21.70960     7.77679    12.17419     4.09831     2.57614     2.76169     5.97182     3.04141     0.00000     5.73410     2.35940     0.00000     0.00000     1.69862     0.00000     0.00000     0.00000     1.28908
  19.50000     0.00000    29.60208     0.00000     0.00000    11.79559     0.00000     0.00000   100.00000    75.05878    27.83032     0.00000     0.00000     0.00000     0.00000     0.00000     0.00000     0.00000     0.00000     0.00000     0.00000     0.00000     0.00000     0.00000     0.00000    14.43692     0.00000     0.00000     0.00000     0.00000     0.00000     0.00000     0.00000     0.00000     0.00000     0.00000     0.00000     0.00000     0.00000     0.00000     0.00000     0.00000    10.18043
  20.00000     5.74845     0.00000     0.00000     5.07626    22.41372     0.00000     0.00000   100.00000    78.34605    33.34127     8.47480     0.00000     6.51977     5.06554     0.00000     0.00000     0.00000     9.15087     0.00000     0.00000     0.00000     0.00000     0.00000     0.00000    18.47413     6.43835    10.22783     0.00000     0.00000     0.00000     5.35483     0.00000     0.00000     0.00000     0.00000     0.00000     0.00000     0.00000     0.00000     0.00000     0.00000     4.05176
