Isomers              1           1           1           1           1           1           1           1           1           1           1           1           1           1           1           1           1           1           1           1           1           1           1           1           1           1           1  
IsoScale        1.0000      1.0000      1.0000      1.0000      1.0000      1.0000      1.0000      1.0000      1.0000      1.0000      1.0000      1.0000      1.0000      1.0000      1.0000      1.0000      1.0000      1.0000      1.0000      1.0000      1.0000      1.0000      1.0000      1.0000      1.0000      1.0000      1.0000  
   Delay      110.0714    216.4475    246.2221    247.5954    248.9836    285.3474    292.0771    297.1129    299.1140    371.3895    392.7101    430.2049    432.9017    544.6257    952.6646    992.0617   1013.1282   1046.4951   1056.0387   1058.0867   1083.3350   1099.3220   1135.5797   1198.4550   1209.4402   1295.7081   1378.3524  #Noise
  0.00000     4.50467     6.46201     0.00000     8.13596     3.30394     0.00000     0.00000     9.76510     3.39120     0.00000     0.00000     0.00000   100.00000     0.00000     0.00000     0.00000     0.00000     0.00000     0.00000     0.00000     0.00000     0.00000     0.00000     0.00000     0.00000     0.00000     6.63035     2.45258
  0.50000     5.77928     7.08366     0.00000     0.00000     0.00000     0.00000     0.00000    20.33775     5.54353     3.90228     0.00000     0.00000   100.00000     0.00000     0.00000     0.00000     0.00000     0.00000     0.00000     0.00000     0.00000     0.00000     0.00000     0.00000     0.00000     0.00000     8.39734     3.08716
  1.00000     8.08906     6.65140     0.00000     0.00000     0.00000     0.00000     4.38195    17.86252     4.91662     0.00000     0.00000     0.00000   100.00000     0.00000     0.00000     4.12333     0.00000     0.00000     0.00000     0.00000     0.00000     0.00000     0.00000     0.00000     0.00000     0.00000    11.72589     4.06709
  1.50000    12.19426     0.00000     0.00000     0.00000     0.00000     5.92058     0.00000    25.52065     0.00000     0.00000     5.79140     0.00000   100.00000     0.00000     6.05727     0.00000     0.00000     0.00000     0.00000     0.00000     0.00000     0.00000     0.00000     5.87128     6.59154     0.00000    10.86934     5.78407
  2.00000    11.95971     8.12422     0.00000    14.21547    13.27642     0.00000     0.00000    13.36026     0.00000    10.55885     0.00000     7.42754   100.00000     0.00000     0.00000     0.00000     0.00000     7.03702     0.00000     7.01207     7.25843     0.00000     7.21736     0.00000     0.00000     0.00000     8.00288     6.98327
  2.50000    28.95472     0.00000    26.53654     0.00000     0.00000     0.00000     0.00000    66.65980    15.52355    14.50953     0.00000     0.00000   100.00000    15.34100     0.00000    14.79140    16.09564     0.00000     0.00000     0.00000     0.00000     0.00000     0.00000     0.00000     0.00000     0.00000    38.58509    14.50490
  20.00000    49.71002     0.00000     0.00000     0.00000     0.00000     0.00000    30.72178    73.87924     0.00000    35.77629     0.00000     0.00000   100.00000     0.00000     0.00000     0.00000     0.00000     0.00000    24.34869     0.00000     0.00000    23.71980     0.00000     0.00000     0.00000    25.26373    60.31126    23.64137
