# SCAN started at: 2018-04-18 14:06:34
# Mass_Scan Elen: _70
# ----------------------------------------
# 
25	0.0001216
25.1	0.0001216
25.2	0.0001216
25.3	0.0001216
25.4	0.0001216
25.5	0.0001216
25.6	0.0001216
25.7	0.0001216
25.8	0.0001216
25.9	0.0001216
26	0.0001219
26.1	0.0001219
26.2	0.0001219
26.3	0.0001219
26.4	0.0001219
26.5	0.0001219
26.6	0.0001219
26.7	0.0001219
26.8	0.0001219
26.9	0.0001219
27	0.0001215
27.1	0.0001215
27.2	0.0001215
27.3	0.0001215
27.4	0.0001215
27.5	0.0001215
27.6	0.0001215
27.7	0.0001215
27.8	0.0001215
27.9	0.0001215
28	0.0001219
28.1	0.0001219
28.2	0.0001219
28.3	0.0001219
28.4	0.0001219
28.5	0.0001219
28.6	0.0001219
28.7	0.0001219
28.8	0.0001219
28.9	0.0001219
29	0.0001215
29.1	0.0001215
29.2	0.0001215
29.3	0.0001215
29.4	0.0001215
29.5	0.0001215
29.6	0.0001215
29.7	0.0001215
29.8	0.0001215
29.9	0.0001215
30	0.000122
30.1	0.000122
30.2	0.000122
30.3	0.000122
30.4	0.000122
30.5	0.000122
30.6	0.000122
30.7	0.000122
30.8	0.000122
30.9	0.000122
31	0.0001219
31.1	0.0001219
31.2	0.0001219
31.3	0.0001219
31.4	0.0001219
31.5	0.0001219
31.6	0.0001219
31.7	0.0001219
31.8	0.0001219
31.9	0.0001219
32	0.0001216
32.1	0.0001216
32.2	0.0001216
32.3	0.0001216
32.4	0.0001216
32.5	0.0001216
32.6	0.0001216
32.7	0.0001216
32.8	0.0001216
32.9	0.0001216
33	0.0001223
33.1	0.0001223
33.2	0.0001223
33.3	0.0001223
33.4	0.0001223
33.5	0.0001223
33.6	0.0001223
33.7	0.0001223
33.8	0.0001223
33.9	0.0001223
34	0.000122
34.1	0.000122
34.2	0.000122
34.3	0.000122
34.4	0.000122
34.5	0.000122
34.6	0.000122
34.7	0.000122
34.8	0.000122
34.9	0.000122
35	0.000122
35.1	0.000122
35.2	0.000122
35.3	0.000122
35.4	0.000122
35.5	0.000122
35.6	0.000122
35.7	0.000122
35.8	0.000122
35.9	0.000122
36	0.0001219
36.1	0.0001219
36.2	0.0001219
36.3	0.0001219
36.4	0.0001219
36.5	0.0001219
36.6	0.0001219
36.7	0.0001219
36.8	0.0001219
36.9	0.0001219
37	0.0001223
37.1	0.0001223
37.2	0.0001223
37.3	0.0001223
37.4	0.0001223
37.5	0.0001223
37.6	0.0001223
37.7	0.0001223
37.8	0.0001223
37.9	0.0001223
38	0.000122
38.1	0.000122
38.2	0.000122
38.3	0.000122
38.4	0.000122
38.5	0.000122
38.6	0.000122
38.7	0.000122
38.8	0.000122
38.9	0.000122
39	0.0001223
39.1	0.0001223
39.2	0.0001223
39.3	0.0001223
39.4	0.0001223
39.5	0.0001223
39.6	0.0001223
39.7	0.0001223
39.8	0.0001223
39.9	0.0001223
40	0.000122
40.1	0.000122
40.2	0.000122
40.3	0.000122
40.4	0.000122
40.5	0.000122
40.6	0.000122
40.7	0.000122
40.8	0.000122
40.9	0.000122
41	0.0001216
41.1	0.0001216
41.2	0.0001216
41.3	0.0001216
41.4	0.0001216
41.5	0.0001216
41.6	0.0001216
41.7	0.0001216
41.8	0.0001216
41.9	0.0001216
42	0.000122
42.1	0.000122
42.2	0.000122
42.3	0.000122
42.4	0.000122
42.5	0.000122
42.6	0.000122
42.7	0.000122
42.8	0.000122
42.9	0.000122
43	0.0001219
43.1	0.0001219
43.2	0.0001219
43.3	0.0001219
43.4	0.0001219
43.5	0.0001219
43.6	0.0001219
43.7	0.0001219
43.8	0.0001219
43.9	0.0001219
44	0.000122
44.1	0.000122
44.2	0.000122
44.3	0.000122
44.4	0.000122
44.5	0.000122
44.6	0.000122
44.7	0.000122
44.8	0.000122
44.9	0.000122
45	0.0001224
45.1	0.0001224
45.2	0.0001224
45.3	0.0001224
45.4	0.0001224
45.5	0.0001224
45.6	0.0001224
45.7	0.0001224
45.8	0.0001224
45.9	0.0001224
46	0.000122
46.1	0.000122
46.2	0.000122
46.3	0.000122
46.4	0.000122
46.5	0.000122
46.6	0.000122
46.7	0.000122
46.8	0.000122
46.9	0.000122
47	0.000122
47.1	0.000122
47.2	0.000122
47.3	0.000122
47.4	0.000122
47.5	0.000122
47.6	0.000122
47.7	0.000122
47.8	0.000122
47.9	0.000122
48	0.000122
48.1	0.000122
48.2	0.000122
48.3	0.000122
48.4	0.000122
48.5	0.000122
48.6	0.000122
48.7	0.000122
48.8	0.000122
48.9	0.000122
49	0.000122
49.1	0.000122
49.2	0.000122
49.3	0.000122
49.4	0.000122
49.5	0.000122
49.6	0.000122
49.7	0.000122
49.8	0.000122
49.9	0.000122
50	0.0001217
50.1	0.0001217
50.2	0.0001217
50.3	0.0001217
50.4	0.0001217
50.5	0.0001217
50.6	0.0001217
50.7	0.0001217
50.8	0.0001217
50.9	0.0001217
51	0.0001217
51.1	0.0001217
51.2	0.0001217
51.3	0.0001217
51.4	0.0001217
51.5	0.0001217
51.6	0.0001217
51.7	0.0001217
51.8	0.0001217
51.9	0.0001217
52	0.000122
52.1	0.000122
52.2	0.000122
52.3	0.000122
52.4	0.000122
52.5	0.000122
52.6	0.000122
52.7	0.000122
52.8	0.000122
52.9	0.000122
53	0.0001223
53.1	0.0001223
53.2	0.0001223
53.3	0.0001223
53.4	0.0001223
53.5	0.0001223
53.6	0.0001223
53.7	0.0001223
53.8	0.0001223
53.9	0.0001223
54	0.000122
54.1	0.000122
54.2	0.000122
54.3	0.000122
54.4	0.000122
54.5	0.000122
54.6	0.000122
54.7	0.000122
54.8	0.000122
54.9	0.000122
55	0.0001219
55.1	0.0001219
55.2	0.0001219
55.3	0.0001219
55.4	0.0001219
55.5	0.0001219
55.6	0.0001219
55.7	0.0001219
55.8	0.0001219
55.9	0.0001219
56	0.000122
56.1	0.000122
56.2	0.000122
56.3	0.000122
56.4	0.000122
56.5	0.000122
56.6	0.000122
56.7	0.000122
56.8	0.000122
56.9	0.000122
57	0.0001216
57.1	0.0001216
57.2	0.0001216
57.3	0.0001216
57.4	0.0001216
57.5	0.0001216
57.6	0.0001216
57.7	0.0001216
57.8	0.0001216
57.9	0.0001216
58	0.0001219
58.1	0.0001219
58.2	0.0001219
58.3	0.0001219
58.4	0.0001219
58.5	0.0001219
58.6	0.0001219
58.7	0.0001219
58.8	0.0001219
58.9	0.0001219
59	0.0001219
59.1	0.0001219
59.2	0.0001219
59.3	0.0001219
59.4	0.0001219
59.5	0.0001219
59.6	0.0001219
59.7	0.0001219
59.8	0.0001219
59.9	0.0001219
60	0.000122
60.1	0.000122
60.2	0.000122
60.3	0.000122
60.4	0.000122
60.5	0.000122
60.6	0.000122
60.7	0.000122
60.8	0.000122
60.9	0.000122
61	0.0001219
61.1	0.0001219
61.2	0.0001219
61.3	0.0001219
61.4	0.0001219
61.5	0.0001219
61.6	0.0001219
61.7	0.0001219
61.8	0.0001219
61.9	0.0001219
62	0.000122
62.1	0.000122
62.2	0.000122
62.3	0.000122
62.4	0.000122
62.5	0.000122
62.6	0.000122
62.7	0.000122
62.8	0.000122
62.9	0.000122
63	0.0001219
63.1	0.0001219
63.2	0.0001219
63.3	0.0001219
63.4	0.0001219
63.5	0.0001219
63.6	0.0001219
63.7	0.0001219
63.8	0.0001219
63.9	0.0001219
64	0.0001217
64.1	0.0001217
64.2	0.0001217
64.3	0.0001217
64.4	0.0001217
64.5	0.0001217
64.6	0.0001217
64.7	0.0001217
64.8	0.0001217
64.9	0.0001217
65	0.000122
65.1	0.000122
65.2	0.000122
65.3	0.000122
65.4	0.000122
65.5	0.000122
65.6	0.000122
65.7	0.000122
65.8	0.000122
65.9	0.000122
66	0.0001221
66.1	0.0001221
66.2	0.0001221
66.3	0.0001221
66.4	0.0001221
66.5	0.0001221
66.6	0.0001221
66.7	0.0001221
66.8	0.0001221
66.9	0.0001221
67	0.000122
67.1	0.000122
67.2	0.000122
67.3	0.000122
67.4	0.000122
67.5	0.000122
67.6	0.000122
67.7	0.000122
67.8	0.000122
67.9	0.000122
68	0.0001217
68.1	0.0001217
68.2	0.0001217
68.3	0.0001217
68.4	0.0001217
68.5	0.0001217
68.6	0.0001217
68.7	0.0001217
68.8	0.0001217
68.9	0.0001217
69	0.000122
69.1	0.000122
69.2	0.000122
69.3	0.000122
69.4	0.000122
69.5	0.000122
69.6	0.000122
69.7	0.000122
69.8	0.000122
69.9	0.000122
70	0.0001217
70.1	0.0001217
70.2	0.0001217
70.3	0.0001217
70.4	0.0001217
70.5	0.0001217
70.6	0.0001217
70.7	0.0001217
70.8	0.0001217
70.9	0.0001217
71	0.0001217
71.1	0.0001217
71.2	0.0001217
71.3	0.0001217
71.4	0.0001217
71.5	0.0001217
71.6	0.0001217
71.7	0.0001217
71.8	0.0001217
71.9	0.0001217
72	0.000122
72.1	0.000122
72.2	0.000122
72.3	0.000122
72.4	0.000122
72.5	0.000122
72.6	0.000122
72.7	0.000122
72.8	0.000122
72.9	0.000122
73	0.0001217
73.1	0.0001217
73.2	0.0001217
73.3	0.0001217
73.4	0.0001217
73.5	0.0001217
73.6	0.0001217
73.7	0.0001217
73.8	0.0001217
73.9	0.0001217
74	0.000122
74.1	0.000122
74.2	0.000122
74.3	0.000122
74.4	0.000122
74.5	0.000122
74.6	0.000122
74.7	0.000122
74.8	0.000122
74.9	0.000122
75	0.0001217
75.1	0.0001217
75.2	0.0001217
75.3	0.0001217
75.4	0.0001217
75.5	0.0001217
75.6	0.0001217
75.7	0.0001217
75.8	0.0001217
75.9	0.0001217
76	0.000122
76.1	0.000122
76.2	0.000122
76.3	0.000122
76.4	0.000122
76.5	0.000122
76.6	0.000122
76.7	0.000122
76.8	0.000122
76.9	0.000122
77	0.0001217
77.1	0.0001217
77.2	0.0001217
77.3	0.0001217
77.4	0.0001217
77.5	0.0001217
77.6	0.0001217
77.7	0.0001217
77.8	0.0001217
77.9	0.0001217
78	0.000122
78.1	0.000122
78.2	0.000122
78.3	0.000122
78.4	0.000122
78.5	0.000122
78.6	0.000122
78.7	0.000122
78.8	0.000122
78.9	0.000122
79	0.0001217
79.1	0.0001217
79.2	0.0001217
79.3	0.0001217
79.4	0.0001217
79.5	0.0001217
79.6	0.0001217
79.7	0.0001217
79.8	0.0001217
79.9	0.0001217
80	0.0001217
80.1	0.0001217
80.2	0.0001217
80.3	0.0001217
80.4	0.0001217
80.5	0.0001217
80.6	0.0001217
80.7	0.0001217
80.8	0.0001217
80.9	0.0001217
81	0.0001217
81.1	0.0001217
81.2	0.0001217
81.3	0.0001217
81.4	0.0001217
81.5	0.0001217
81.6	0.0001217
81.7	0.0001217
81.8	0.0001217
81.9	0.0001217
82	0.0001213
82.1	0.0001213
82.2	0.0001213
82.3	0.0001213
82.4	0.0001213
82.5	0.0001213
82.6	0.0001213
82.7	0.0001213
82.8	0.0001213
82.9	0.0001213
83	0.0001216
83.1	0.0001216
83.2	0.0001216
83.3	0.0001216
83.4	0.0001216
83.5	0.0001216
83.6	0.0001216
83.7	0.0001216
83.8	0.0001216
83.9	0.0001216
84	0.000122
84.1	0.000122
84.2	0.000122
84.3	0.000122
84.4	0.000122
84.5	0.000122
84.6	0.000122
84.7	0.000122
84.8	0.000122
84.9	0.000122
85	0.0001216
85.1	0.0001216
85.2	0.0001216
85.3	0.0001216
85.4	0.0001216
85.5	0.0001216
85.6	0.0001216
85.7	0.0001216
85.8	0.0001216
85.9	0.0001216
86	0.0001219
86.1	0.0001219
86.2	0.0001219
86.3	0.0001219
86.4	0.0001219
86.5	0.0001219
86.6	0.0001219
86.7	0.0001219
86.8	0.0001219
86.9	0.0001219
87	0.0001213
87.1	0.0001213
87.2	0.0001213
87.3	0.0001213
87.4	0.0001213
87.5	0.0001213
87.6	0.0001213
87.7	0.0001213
87.8	0.0001213
87.9	0.0001213
88	0.0001217
88.1	0.0001217
88.2	0.0001217
88.3	0.0001217
88.4	0.0001217
88.5	0.0001217
88.6	0.0001217
88.7	0.0001217
88.8	0.0001217
88.9	0.0001217
89	0.0001217
89.1	0.0001217
89.2	0.0001217
89.3	0.0001217
89.4	0.0001217
89.5	0.0001217
89.6	0.0001217
89.7	0.0001217
89.8	0.0001217
89.9	0.0001217
90	0.000122
90.1	0.000122
90.2	0.000122
90.3	0.000122
90.4	0.000122
90.5	0.000122
90.6	0.000122
90.7	0.000122
90.8	0.000122
90.9	0.000122
91	0.0001217
91.1	0.0001217
91.2	0.0001217
91.3	0.0001217
91.4	0.0001217
91.5	0.0001217
91.6	0.0001217
91.7	0.0001217
91.8	0.0001217
91.9	0.0001217
92	0.0001217
92.1	0.0001217
92.2	0.0001217
92.3	0.0001217
92.4	0.0001217
92.5	0.0001217
92.6	0.0001217
92.7	0.0001217
92.8	0.0001217
92.9	0.0001217
93	0.0001217
93.1	0.0001217
93.2	0.0001217
93.3	0.0001217
93.4	0.0001217
93.5	0.0001217
93.6	0.0001217
93.7	0.0001217
93.8	0.0001217
93.9	0.0001217
94	0.0001214
94.1	0.0001214
94.2	0.0001214
94.3	0.0001214
94.4	0.0001214
94.5	0.0001214
94.6	0.0001214
94.7	0.0001214
94.8	0.0001214
94.9	0.0001214
95	0.0001217
95.1	0.0001217
95.2	0.0001217
95.3	0.0001217
95.4	0.0001217
95.5	0.0001217
95.6	0.0001217
95.7	0.0001217
95.8	0.0001217
95.9	0.0001217
96	0.0001217
96.1	0.0001217
96.2	0.0001217
96.3	0.0001217
96.4	0.0001217
96.5	0.0001217
96.6	0.0001217
96.7	0.0001217
96.8	0.0001217
96.9	0.0001217
97	0.0001221
97.1	0.0001221
97.2	0.0001221
97.3	0.0001221
97.4	0.0001221
97.5	0.0001221
97.6	0.0001221
97.7	0.0001221
97.8	0.0001221
97.9	0.0001221
98	0.0001214
98.1	0.0001214
98.2	0.0001214
98.3	0.0001214
98.4	0.0001214
98.5	0.0001214
98.6	0.0001214
98.7	0.0001214
98.8	0.0001214
98.9	0.0001214
99	0.0001217
99.1	0.0001217
99.2	0.0001217
99.3	0.0001217
99.4	0.0001217
99.5	0.0001217
99.6	0.0001217
99.7	0.0001217
99.8	0.0001217
99.9	0.0001217
100	0.0001217
100.1	0.0001217
100.2	0.0001217
100.3	0.0001217
100.4	0.0001217
100.5	0.0001217
100.6	0.0001217
100.7	0.0001217
100.8	0.0001217
100.9	0.0001217
101	0.000122
101.1	0.000122
101.2	0.000122
101.3	0.000122
101.4	0.000122
101.5	0.000122
101.6	0.000122
101.7	0.000122
101.8	0.000122
101.9	0.000122
102	0.0001217
102.1	0.0001217
102.2	0.0001217
102.3	0.0001217
102.4	0.0001217
102.5	0.0001217
102.6	0.0001217
102.7	0.0001217
102.8	0.0001217
102.9	0.0001217
103	0.0001217
103.1	0.0001217
103.2	0.0001217
103.3	0.0001217
103.4	0.0001217
103.5	0.0001217
103.6	0.0001217
103.7	0.0001217
103.8	0.0001217
103.9	0.0001217
104	0.0001217
104.1	0.0001217
104.2	0.0001217
104.3	0.0001217
104.4	0.0001217
104.5	0.0001217
104.6	0.0001217
104.7	0.0001217
104.8	0.0001217
104.9	0.0001217
105	0.0001217
105.1	0.0001217
105.2	0.0001217
105.3	0.0001217
105.4	0.0001217
105.5	0.0001217
105.6	0.0001217
105.7	0.0001217
105.8	0.0001217
105.9	0.0001217
106	0.0001217
106.1	0.0001217
106.2	0.0001217
106.3	0.0001217
106.4	0.0001217
106.5	0.0001217
106.6	0.0001217
106.7	0.0001217
106.8	0.0001217
106.9	0.0001217
107	0.0001217
107.1	0.0001217
107.2	0.0001217
107.3	0.0001217
107.4	0.0001217
107.5	0.0001217
107.6	0.0001217
107.7	0.0001217
107.8	0.0001217
107.9	0.0001217
108	0.000122
108.1	0.000122
108.2	0.000122
108.3	0.000122
108.4	0.000122
108.5	0.000122
108.6	0.000122
108.7	0.000122
108.8	0.000122
108.9	0.000122
109	0.0001221
109.1	0.0001221
109.2	0.0001221
109.3	0.0001221
109.4	0.0001221
109.5	0.0001221
109.6	0.0001221
109.7	0.0001221
109.8	0.0001221
109.9	0.0001221
110	0.0001213
110.1	0.0001213
110.2	0.0001213
110.3	0.0001213
110.4	0.0001213
110.5	0.0001213
110.6	0.0001213
110.7	0.0001213
110.8	0.0001213
110.9	0.0001213
111	0.0001217
111.1	0.0001217
111.2	0.0001217
111.3	0.0001217
111.4	0.0001217
111.5	0.0001217
111.6	0.0001217
111.7	0.0001217
111.8	0.0001217
111.9	0.0001217
112	0.0001213
112.1	0.0001213
112.2	0.0001213
112.3	0.0001213
112.4	0.0001213
112.5	0.0001213
112.6	0.0001213
112.7	0.0001213
112.8	0.0001213
112.9	0.0001213
113	0.0001217
113.1	0.0001217
113.2	0.0001217
113.3	0.0001217
113.4	0.0001217
113.5	0.0001217
113.6	0.0001217
113.7	0.0001217
113.8	0.0001217
113.9	0.0001217
114	0.000122
114.1	0.000122
114.2	0.000122
114.3	0.000122
114.4	0.000122
114.5	0.000122
114.6	0.000122
114.7	0.000122
114.8	0.000122
114.9	0.000122
115	0.0001217
115.1	0.0001217
115.2	0.0001217
115.3	0.0001217
115.4	0.0001217
115.5	0.0001217
115.6	0.0001217
115.7	0.0001217
115.8	0.0001217
115.9	0.0001217
116	0.0001217
116.1	0.0001217
116.2	0.0001217
116.3	0.0001217
116.4	0.0001217
116.5	0.0001217
116.6	0.0001217
116.7	0.0001217
116.8	0.0001217
116.9	0.0001217
117	0.0001221
117.1	0.0001221
117.2	0.0001221
117.3	0.0001221
117.4	0.0001221
117.5	0.0001221
117.6	0.0001221
117.7	0.0001221
117.8	0.0001221
117.9	0.0001221
118	0.000122
118.1	0.000122
118.2	0.000122
118.3	0.000122
118.4	0.000122
118.5	0.000122
118.6	0.000122
118.7	0.000122
118.8	0.000122
118.9	0.000122
119	0.0001213
119.1	0.0001213
119.2	0.0001213
119.3	0.0001213
119.4	0.0001213
119.5	0.0001213
119.6	0.0001213
119.7	0.0001213
119.8	0.0001213
119.9	0.0001213
120	0.0001221
120.1	0.0001221
120.2	0.0001221
120.3	0.0001221
120.4	0.0001221
120.5	0.0001221
120.6	0.0001221
120.7	0.0001221
120.8	0.0001221
120.9	0.0001221
121	0.0001217
121.1	0.0001217
121.2	0.0001217
121.3	0.0001217
121.4	0.0001217
121.5	0.0001217
121.6	0.0001217
121.7	0.0001217
121.8	0.0001217
121.9	0.0001217
122	0.0001213
122.1	0.0001213
122.2	0.0001213
122.3	0.0001213
122.4	0.0001213
122.5	0.0001213
122.6	0.0001213
122.7	0.0001213
122.8	0.0001213
122.9	0.0001213
123	0.0001217
123.1	0.0001217
123.2	0.0001217
123.3	0.0001217
123.4	0.0001217
123.5	0.0001217
123.6	0.0001217
123.7	0.0001217
123.8	0.0001217
123.9	0.0001217
124	0.0001217
124.1	0.0001217
124.2	0.0001217
124.3	0.0001217
124.4	0.0001217
124.5	0.0001217
124.6	0.0001217
124.7	0.0001217
124.8	0.0001217
124.9	0.0001217
125	0.0001216
125.1	0.0001216
125.2	0.0001216
125.3	0.0001216
125.4	0.0001216
125.5	0.0001216
125.6	0.0001216
125.7	0.0001216
125.8	0.0001216
125.9	0.0001216
126	0.0001216
126.1	0.0001216
126.2	0.0001216
126.3	0.0001216
126.4	0.0001216
126.5	0.0001216
126.6	0.0001216
126.7	0.0001216
126.8	0.0001216
126.9	0.0001216
127	0.0001215
127.1	0.0001215
127.2	0.0001215
127.3	0.0001215
127.4	0.0001215
127.5	0.0001215
127.6	0.0001215
127.7	0.0001215
127.8	0.0001215
127.9	0.0001215
128	0.0001216
128.1	0.0001216
128.2	0.0001216
128.3	0.0001216
128.4	0.0001216
128.5	0.0001216
128.6	0.0001216
128.7	0.0001216
128.8	0.0001216
128.9	0.0001216
129	0.0001216
129.1	0.0001216
129.2	0.0001216
129.3	0.0001216
129.4	0.0001216
129.5	0.0001216
129.6	0.0001216
129.7	0.0001216
129.8	0.0001216
129.9	0.0001216
