# SCAN started at: 2018-04-18 14:06:34
# Mass_Scan Elen: _70
# ----------------------------------------
# 
25	-80.46
25.1	-68.18
25.2	-37.45
25.3	-36.88
25.4	-32.26
25.5	-31.58
25.6	-35.4
25.7	-35.5
25.8	-35.36
25.9	-34.01
26	-31.72
26.1	-31.04
26.2	-31.93
26.3	-30.97
26.4	-30.11
26.5	-29.87
26.6	-31.62
26.7	-34.32
26.8	-36.46
26.9	-35.44
27	-36.7
27.1	-33.67
27.2	-36.46
27.3	-35.74
27.4	-33.25
27.5	-36.03
27.6	-35.6
27.7	-36.18
27.8	-36.17
27.9	-36.04
28	-31.87
28.1	-35.3
28.2	-35.36
28.3	-34.81
28.4	-32.3
28.5	-30.16
28.6	-34.19
28.7	-31.66
28.8	-31.1
28.9	-30.11
29	-29.37
29.1	-30.55
29.2	-31.11
29.3	-31.07
29.4	-34.04
29.5	-36.3
29.6	-32.49
29.7	-32.33
29.8	-35.13
29.9	-35.41
30	-36.43
30.1	-36.41
30.2	-36.89
30.3	-34.06
30.4	-36.4
30.5	-36.59
30.6	-35.79
30.7	-36.08
30.8	-34.02
30.9	-35.04
31	-34.83
31.1	-33.8
31.2	-32.51
31.3	-36.52
31.4	-33.93
31.5	-33.05
31.6	-36.53
31.7	-32.76
31.8	-32.76
31.9	-33.15
32	-32.76
32.1	-37.32
32.2	-36.3
32.3	-37.19
32.4	-36.43
32.5	-36.03
32.6	-34.85
32.7	-33.33
32.8	-37.13
32.9	-37.5
33	-37
33.1	-33.22
33.2	-37.65
33.3	-34.74
33.4	-33.13
33.5	-36.28
33.6	-32.95
33.7	-34.61
33.8	-33.06
33.9	-35
34	-33.04
34.1	-36.98
34.2	-37.59
34.3	-37.39
34.4	-36.43
34.5	-37.33
34.6	-33.22
34.7	-33.32
34.8	-37.39
34.9	-37.51
35	-37.57
35.1	-35.07
35.2	-33.42
35.3	-33.58
35.4	-37.38
35.5	-34.71
35.6	-33.14
35.7	-33.05
35.8	-33.03
35.9	-33.71
36	-35.99
36.1	-34.83
36.2	-37.61
36.3	-36.34
36.4	-33.51
36.5	-37.54
36.6	-33.51
36.7	-37.21
36.8	-36.43
36.9	-37.49
37	-37.59
37.1	-33.16
37.2	-33.04
37.3	-33.18
37.4	-34.87
37.5	-32.94
37.6	-37.42
37.7	-33.19
37.8	-37.54
37.9	-34.29
38	-36.82
38.1	-36.03
38.2	-33.84
38.3	-37.29
38.4	-33.36
38.5	-33.25
38.6	-35.1
38.7	-33
38.8	-34.46
38.9	-33.95
39	-33.08
39.1	-35.53
39.2	-37.02
39.3	-33.14
39.4	-33.85
39.5	-33.29
39.6	-32.94
39.7	-33.59
39.8	-36.91
39.9	-35.22
40	-34.49
40.1	-37.2
40.2	-33.4
40.3	-33.08
40.4	-35.56
40.5	-33.1
40.6	-37.24
40.7	-36.34
40.8	-35.69
40.9	-33.04
41	-32.92
41.1	-34.98
41.2	-32.75
41.3	-35.4
41.4	-32.76
41.5	-37.08
41.6	-34.48
41.7	-35.31
41.8	-37.06
41.9	-37.06
42	-35.56
42.1	-35.21
42.2	-34.98
42.3	-35.72
42.4	-36.37
42.5	-34.99
42.6	-32.44
42.7	-35.69
42.8	-34.08
42.9	-32.38
43	-33.33
43.1	-33.01
43.2	-36.2
43.3	-32.84
43.4	-34.43
43.5	-35.56
43.6	-33.02
43.7	-34.49
43.8	-34.17
43.9	-32.74
44	-32.8
44.1	-37.01
44.2	-35.26
44.3	-33.59
44.4	-32.38
44.5	-35.6
44.6	-32.65
44.7	-31.96
44.8	-36.12
44.9	-34.22
45	-35.99
45.1	-37.06
45.2	-32.67
45.3	-37.09
45.4	-37.16
45.5	-36.94
45.6	-33.05
45.7	-35.12
45.8	-36.29
45.9	-32.76
46	-34.37
46.1	-33.6
46.2	-32.71
46.3	-32.88
46.4	-34.86
46.5	-36.88
46.6	-37.3
46.7	-35.46
46.8	-32.76
46.9	-32.89
47	-34.62
47.1	-37.32
47.2	-34.17
47.3	-36.72
47.4	-33.13
47.5	-37.36
47.6	-37.08
47.7	-33.68
47.8	-35.28
47.9	-35.55
48	-36.21
48.1	-34.84
48.2	-35.65
48.3	-34.24
48.4	-36.53
48.5	-33.36
48.6	-33.2
48.7	-36.17
48.8	-35.69
48.9	-33.22
49	-37.23
49.1	-33.97
49.2	-36.81
49.3	-33.22
49.4	-37.17
49.5	-37.51
49.6	-37.16
49.7	-34.54
49.8	-37.37
49.9	-33.45
50	-36.99
50.1	-36.08
50.2	-36.62
50.3	-35.3
50.4	-34.19
50.5	-34.98
50.6	-33.27
50.7	-35.06
50.8	-36.75
50.9	-35.71
51	-33.38
51.1	-33.23
51.2	-36.6
51.3	-33.81
51.4	-37.06
51.5	-37.38
51.6	-34.69
51.7	-33.27
51.8	-33.8
51.9	-36.63
52	-37.06
52.1	-37.17
52.2	-34.63
52.3	-37.47
52.4	-33.19
52.5	-34.58
52.6	-36.16
52.7	-33.73
52.8	-34.38
52.9	-36.73
53	-35.53
53.1	-36.56
53.2	-35.46
53.3	-33.9
53.4	-33.8
53.5	-37.36
53.6	-34.31
53.7	-35.85
53.8	-35.8
53.9	-33.07
54	-36.47
54.1	-37.63
54.2	-33.48
54.3	-33
54.4	-34.81
54.5	-34.38
54.6	-35.34
54.7	-36.04
54.8	-37.42
54.9	-33.71
55	-35.46
55.1	-33.81
55.2	-35.31
55.3	-33
55.4	-33.34
55.5	-35.28
55.6	-33.78
55.7	-33.08
55.8	-34.48
55.9	-36.9
56	-34.37
56.1	-33.48
56.2	-34.08
56.3	-32.88
56.4	-37.18
56.5	-34.26
56.6	-36.96
56.7	-32.89
56.8	-33.39
56.9	-32.93
57	-34.19
57.1	-36.04
57.2	-34.24
57.3	-34.03
57.4	-36.72
57.5	-36.08
57.6	-34.97
57.7	-35.2
57.8	-34.1
57.9	-33.06
58	-37.21
58.1	-35.5
58.2	-35.89
58.3	-35.97
58.4	-32.85
58.5	-34.96
58.6	-37.56
58.7	-32.91
58.8	-35.05
58.9	-33.07
59	-37.61
59.1	-34.25
59.2	-35.42
59.3	-34.58
59.4	-33.2
59.5	-34.72
59.6	-37.28
59.7	-34.8
59.8	-37.47
59.9	-36.14
60	-33.55
60.1	-34.28
60.2	-37.15
60.3	-36.5
60.4	-33.87
60.5	-36.78
60.6	-37.65
60.7	-33.66
60.8	-35.96
60.9	-37.2
61	-34.08
61.1	-36.3
61.2	-37.56
61.3	-33.02
61.4	-37.41
61.5	-34.97
61.6	-37.13
61.7	-33.27
61.8	-32.91
61.9	-35.24
62	-33.62
62.1	-33.42
62.2	-33.4
62.3	-37.55
62.4	-33.07
62.5	-35.15
62.6	-33.45
62.7	-36.94
62.8	-32.91
62.9	-36.23
63	-32.99
63.1	-37.61
63.2	-36.57
63.3	-33.77
63.4	-35.55
63.5	-37.05
63.6	-33.05
63.7	-34.32
63.8	-33.82
63.9	-36.72
64	-35.56
64.1	-37.03
64.2	-33.05
64.3	-35.93
64.4	-36.98
64.5	-32.97
64.6	-36.14
64.7	-37.43
64.8	-34.07
64.9	-36.47
65	-33.29
65.1	-37.19
65.2	-36.28
65.3	-37.55
65.4	-37.45
65.5	-34.96
65.6	-33.71
65.7	-35.23
65.8	-35.64
65.9	-37.4
66	-33.16
66.1	-33.09
66.2	-37.53
66.3	-36.99
66.4	-36.79
66.5	-36.24
66.6	-33.14
66.7	-36.85
66.8	-32.91
66.9	-34.8
67	-33.46
67.1	-37.45
67.2	-33.29
67.3	-36.71
67.4	-34.11
67.5	-34.37
67.6	-35.81
67.7	-35.77
67.8	-33.31
67.9	-34.35
68	-34.61
68.1	-36.75
68.2	-35.27
68.3	-34.45
68.4	-37.47
68.5	-33.98
68.6	-33.01
68.7	-37.63
68.8	-33.02
68.9	-33.56
69	-36.31
69.1	-37.3
69.2	-36.54
69.3	-37.51
69.4	-34.09
69.5	-34.63
69.6	-36.56
69.7	-36.42
69.8	-37.39
69.9	-33.31
70	-37.55
70.1	-36.79
70.2	-37.48
70.3	-34.89
70.4	-33.12
70.5	-34.88
70.6	-36.64
70.7	-33.02
70.8	-33.5
70.9	-36.28
71	-32.77
71.1	-33.22
71.2	-37.33
71.3	-37.02
71.4	-34.32
71.5	-35.45
71.6	-35.15
71.7	-33.27
71.8	-32.71
71.9	-32.98
72	-37.34
72.1	-32.75
72.2	-33.46
72.3	-36.48
72.4	-34.72
72.5	-35.1
72.6	-33.82
72.7	-36.96
72.8	-34.84
72.9	-37.24
73	-37.46
73.1	-37.35
73.2	-33.17
73.3	-33.17
73.4	-32.84
73.5	-33.98
73.6	-37.38
73.7	-36.96
73.8	-34.22
73.9	-35.6
74	-36.97
74.1	-35.35
74.2	-32.95
74.3	-32.96
74.4	-36.31
74.5	-33.47
74.6	-33.65
74.7	-37.36
74.8	-33.6
74.9	-34.84
75	-35.06
75.1	-35.61
75.2	-33.1
75.3	-32.79
75.4	-32.82
75.5	-34.9
75.6	-37.34
75.7	-33.58
75.8	-36.02
75.9	-36.35
76	-32.68
76.1	-34.63
76.2	-34.99
76.3	-32.6
76.4	-35.02
76.5	-35.83
76.6	-33.93
76.7	-36.86
76.8	-32.68
76.9	-36.1
77	-36.41
77.1	-31.83
77.2	-32.14
77.3	-36.47
77.4	-36.41
77.5	-36.75
77.6	-36.76
77.7	-32.43
77.8	-33.81
77.9	-35.63
78	-33.77
78.1	-33.18
78.2	-32.85
78.3	-37.1
78.4	-36.74
78.5	-34.37
78.6	-37.11
78.7	-32.63
78.8	-34.65
78.9	-36.82
79	-34.74
79.1	-32.7
79.2	-33.77
79.3	-33.97
79.4	-32.83
79.5	-35.73
79.6	-33.9
79.7	-32.64
79.8	-35.08
79.9	-33.06
80	-35.82
80.1	-36.96
80.2	-37.06
80.3	-35.61
80.4	-32.54
80.5	-34.65
80.6	-35.99
80.7	-32.68
80.8	-34.25
80.9	-34.49
81	-34.94
81.1	-35.59
81.2	-31.79
81.3	-34.52
81.4	-33.69
81.5	-35.91
81.6	-33.64
81.7	-32.18
81.8	-36.58
81.9	-36.85
82	-32.33
82.1	-33.92
82.2	-36.76
82.3	-35.82
82.4	-32.32
82.5	-34.94
82.6	-33.51
82.7	-32.19
82.8	-33.31
82.9	-36.78
83	-32.15
83.1	-36.58
83.2	-32.19
83.3	-35.87
83.4	-32.09
83.5	-36.09
83.6	-36.48
83.7	-32.65
83.8	-34.95
83.9	-31.5
84	-32.12
84.1	-32.46
84.2	-36.86
84.3	-32.41
84.4	-36.95
84.5	-37.08
84.6	-34.27
84.7	-33.42
84.8	-35.38
84.9	-34.71
85	-35.18
85.1	-33.76
85.2	-36.79
85.3	-35.33
85.4	-34.43
85.5	-36
85.6	-36.7
85.7	-36.41
85.8	-33.09
85.9	-36.84
86	-34.89
86.1	-33.81
86.2	-37.37
86.3	-33.34
86.4	-36.83
86.5	-33.08
86.6	-34.93
86.7	-33.74
86.8	-33.1
86.9	-37.41
87	-34.62
87.1	-32.91
87.2	-33.71
87.3	-35.34
87.4	-36.42
87.5	-32.96
87.6	-37.22
87.7	-36.49
87.8	-32.96
87.9	-32.91
88	-35.81
88.1	-34.29
88.2	-32.75
88.3	-33.8
88.4	-35.61
88.5	-36.18
88.6	-32.98
88.7	-35.54
88.8	-33.11
88.9	-33.57
89	-37.12
89.1	-34.4
89.2	-33.31
89.3	-34.32
89.4	-35.44
89.5	-37.41
89.6	-36.75
89.7	-35.07
89.8	-34.44
89.9	-33.46
90	-32.98
90.1	-34.85
90.2	-37.43
90.3	-37.4
90.4	-32.84
90.5	-33.69
90.6	-35.12
90.7	-34.98
90.8	-37.05
90.9	-33.34
91	-37.07
91.1	-33.36
91.2	-37.05
91.3	-34.44
91.4	-36.67
91.5	-33.31
91.6	-37.31
91.7	-32.68
91.8	-36.18
91.9	-35.74
92	-33.27
92.1	-34.72
92.2	-33.48
92.3	-37.46
92.4	-37.42
92.5	-36.02
92.6	-37.4
92.7	-34.32
92.8	-33.59
92.9	-37.3
93	-36.11
93.1	-34.29
93.2	-36.63
93.3	-32.81
93.4	-33.08
93.5	-34.36
93.6	-35.44
93.7	-33.94
93.8	-37.46
93.9	-32.87
94	-36.79
94.1	-32.9
94.2	-33.22
94.3	-34.91
94.4	-33.04
94.5	-36.47
94.6	-35.15
94.7	-35.21
94.8	-37.37
94.9	-35.85
95	-37.28
95.1	-34.36
95.2	-32.72
95.3	-33.09
95.4	-36.7
95.5	-36.7
95.6	-33.17
95.7	-33.48
95.8	-33.43
95.9	-37.09
96	-35.84
96.1	-32.77
96.2	-33.59
96.3	-37.13
96.4	-36.4
96.5	-34.81
96.6	-35.21
96.7	-32.76
96.8	-34.7
96.9	-36.63
97	-36.68
97.1	-36.67
97.2	-33.7
97.3	-32.74
97.4	-35.93
97.5	-32.82
97.6	-36.53
97.7	-37.59
97.8	-37.55
97.9	-34.35
98	-32.93
98.1	-33.12
98.2	-34.02
98.3	-36.77
98.4	-35.81
98.5	-34.21
98.6	-34.54
98.7	-36.79
98.8	-37.44
98.9	-35.16
99	-33.75
99.1	-34.18
99.2	-32.89
99.3	-35.79
99.4	-30.67
99.5	-35.34
99.6	-33.3
99.7	-32.5
99.8	-35.53
99.9	-36.45
100	-37.2
100.1	-35.1
100.2	-34.73
100.3	-32.06
100.4	-34.96
100.5	-37.07
100.6	-37.44
100.7	-35.75
100.8	-32.88
100.9	-36
101	-33.02
101.1	-37.32
101.2	-35.27
101.3	-32.9
101.4	-35.83
101.5	-37.43
101.6	-34.2
101.7	-34.3
101.8	-34.25
101.9	-32.94
102	-32.83
102.1	-34.37
102.2	-34.64
102.3	-33.4
102.4	-36.83
102.5	-37.59
102.6	-32.94
102.7	-32.9
102.8	-34.23
102.9	-35.11
103	-33.36
103.1	-37.31
103.2	-33.82
103.3	-34.85
103.4	-32.8
103.5	-35.5
103.6	-36.2
103.7	-33.75
103.8	-33.17
103.9	-32.13
104	-33.09
104.1	-31.28
104.2	-31.19
104.3	-34.57
104.4	-33.99
104.5	-34.81
104.6	-32.59
104.7	-30.27
104.8	-30.66
104.9	-34.53
105	-31.03
105.1	-32.72
105.2	-33.85
105.3	-32.67
105.4	-34.7
105.5	-30.44
105.6	-32.79
105.7	-32.2
105.8	-30.9
105.9	-35.24
106	-30.76
106.1	-32.64
106.2	-30.58
106.3	-31.92
106.4	-31.25
106.5	-35.2
106.6	-30.69
106.7	-34.02
106.8	-30.56
106.9	-32.1
107	-33.74
107.1	-35.35
107.2	-35.31
107.3	-35.47
107.4	-32.79
107.5	-34.77
107.6	-35.61
107.7	-31.35
107.8	-35.32
107.9	-31.7
108	-34.9
108.1	-32.38
108.2	-34.73
108.3	-35.53
108.4	-35.47
108.5	-34
108.6	-34.75
108.7	-31.62
108.8	-31.78
108.9	-33.14
109	-30.97
109.1	-30.83
109.2	-33.84
109.3	-32
109.4	-35.6
109.5	-31.85
109.6	-35.7
109.7	-35.63
109.8	-35.41
109.9	-32.71
110	-31.55
110.1	-31.02
110.2	-31.12
110.3	-32.86
110.4	-34.33
110.5	-31.15
110.6	-34.3
110.7	-32.56
110.8	-33.62
110.9	-31.64
111	-30.99
111.1	-31.83
111.2	-34.96
111.3	-31.5
111.4	-31.15
111.5	-35.59
111.6	-32.71
111.7	-33.42
111.8	-33.79
111.9	-35.45
112	-31.11
112.1	-32.42
112.2	-34.95
112.3	-32.95
112.4	-31.53
112.5	-32.3
112.6	-32.91
112.7	-35.52
112.8	-31.14
112.9	-33.99
113	-31.57
113.1	-31.49
113.2	-35.63
113.3	-35.64
113.4	-31.23
113.5	-35.1
113.6	-35.68
113.7	-34.41
113.8	-35.16
113.9	-33
114	-31.01
114.1	-34.47
114.2	-31.08
114.3	-35.73
114.4	-31.26
114.5	-35.59
114.6	-34.99
114.7	-31.96
114.8	-33.79
114.9	-30.88
115	-31.03
115.1	-30.95
115.2	-34.81
115.3	-31.81
115.4	-34.55
115.5	-34.66
115.6	-35.4
115.7	-32.51
115.8	-34.68
115.9	-31.03
116	-32.28
116.1	-35.54
116.2	-33.83
116.3	-31.45
116.4	-34.73
116.5	-31.78
116.6	-31.15
116.7	-34.18
116.8	-31.03
116.9	-32.84
117	-31.7
117.1	-35.6
117.2	-33.87
117.3	-30.95
117.4	-31.82
117.5	-32.32
117.6	-30.93
117.7	-31.97
117.8	-33.13
117.9	-33.98
118	-35.51
118.1	-34.75
118.2	-32.32
118.3	-33.07
118.4	-33
118.5	-35.55
118.6	-35.37
118.7	-31.37
118.8	-31.53
118.9	-32.55
119	-30.74
119.1	-32.4
119.2	-34.52
119.3	-30.73
119.4	-33.69
119.5	-30.84
119.6	-30.8
119.7	-31.13
119.8	-33.87
119.9	-30.87
120	-32.7
120.1	-35.05
120.2	-31
120.3	-33.18
120.4	-35.39
120.5	-32.94
120.6	-31.43
120.7	-35.6
120.8	-33.67
120.9	-34.27
121	-32.06
121.1	-30.93
121.2	-34.03
121.3	-35
121.4	-35.35
121.5	-31.11
121.6	-33.25
121.7	-33.34
121.8	-35.65
121.9	-31.45
122	-32.51
122.1	-31.02
122.2	-35.45
122.3	-30.97
122.4	-35.61
122.5	-33.85
122.6	-33.6
122.7	-32.99
122.8	-35.65
122.9	-31.13
123	-34.41
123.1	-31.58
123.2	-33.16
123.3	-32.99
123.4	-32.05
123.5	-31.79
123.6	-31.69
123.7	-34.84
123.8	-33.98
123.9	-35.81
124	-35.34
124.1	-35.27
124.2	-32.81
124.3	-34.05
124.4	-31.78
124.5	-32.61
124.6	-36.11
124.7	-34.17
124.8	-34.03
124.9	-34.97
125	-34.94
125.1	-36.39
125.2	-32.88
125.3	-36.52
125.4	-33.79
125.5	-35.22
125.6	-35.72
125.7	-35.91
125.8	-36.72
125.9	-32.23
126	-36.73
126.1	-36.75
126.2	-31.94
126.3	-36.69
126.4	-36.78
126.5	-36.17
126.6	-34.75
126.7	-35.17
126.8	-36.13
126.9	-33.12
127	-33.15
127.1	-36.64
127.2	-33.86
127.3	-36.25
127.4	-35.36
127.5	-32.14
127.6	-33.19
127.7	-32.59
127.8	-36.65
127.9	-35.33
128	-34.05
128.1	-33.7
128.2	-36.67
128.3	-35.75
128.4	-35.35
128.5	-31.93
128.6	-33.11
128.7	-37.07
128.8	-34.4
128.9	-34.6
129	-33.14
129.1	-35.51
129.2	-31.53
129.3	-35.46
129.4	-33.93
129.5	-36.71
129.6	-36.98
129.7	-36
129.8	-36.49
129.9	-32.32
