# SCAN started at: 2018-04-18 14:06:34
# Mass_Scan Elen: _70
# ----------------------------------------
# 
25	2.561e-08
25.1	2.561e-08
25.2	2.561e-08
25.3	2.561e-08
25.4	2.561e-08
25.5	2.561e-08
25.6	2.561e-08
25.7	2.561e-08
25.8	2.561e-08
25.9	2.561e-08
26	2.555e-08
26.1	2.555e-08
26.2	2.555e-08
26.3	2.555e-08
26.4	2.555e-08
26.5	2.555e-08
26.6	2.555e-08
26.7	2.555e-08
26.8	2.555e-08
26.9	2.555e-08
27	2.547e-08
27.1	2.547e-08
27.2	2.547e-08
27.3	2.547e-08
27.4	2.547e-08
27.5	2.547e-08
27.6	2.547e-08
27.7	2.547e-08
27.8	2.547e-08
27.9	2.547e-08
28	2.544e-08
28.1	2.544e-08
28.2	2.544e-08
28.3	2.544e-08
28.4	2.544e-08
28.5	2.544e-08
28.6	2.544e-08
28.7	2.544e-08
28.8	2.544e-08
28.9	2.544e-08
29	2.539e-08
29.1	2.539e-08
29.2	2.539e-08
29.3	2.539e-08
29.4	2.539e-08
29.5	2.539e-08
29.6	2.539e-08
29.7	2.539e-08
29.8	2.539e-08
29.9	2.539e-08
30	2.547e-08
30.1	2.547e-08
30.2	2.547e-08
30.3	2.547e-08
30.4	2.547e-08
30.5	2.547e-08
30.6	2.547e-08
30.7	2.547e-08
30.8	2.547e-08
30.9	2.547e-08
31	2.543e-08
31.1	2.543e-08
31.2	2.543e-08
31.3	2.543e-08
31.4	2.543e-08
31.5	2.543e-08
31.6	2.543e-08
31.7	2.543e-08
31.8	2.543e-08
31.9	2.543e-08
32	2.525e-08
32.1	2.525e-08
32.2	2.525e-08
32.3	2.525e-08
32.4	2.525e-08
32.5	2.525e-08
32.6	2.525e-08
32.7	2.525e-08
32.8	2.525e-08
32.9	2.525e-08
33	2.519e-08
33.1	2.519e-08
33.2	2.519e-08
33.3	2.519e-08
33.4	2.519e-08
33.5	2.519e-08
33.6	2.519e-08
33.7	2.519e-08
33.8	2.519e-08
33.9	2.519e-08
34	2.515e-08
34.1	2.515e-08
34.2	2.515e-08
34.3	2.515e-08
34.4	2.515e-08
34.5	2.515e-08
34.6	2.515e-08
34.7	2.515e-08
34.8	2.515e-08
34.9	2.515e-08
35	2.509e-08
35.1	2.509e-08
35.2	2.509e-08
35.3	2.509e-08
35.4	2.509e-08
35.5	2.509e-08
35.6	2.509e-08
35.7	2.509e-08
35.8	2.509e-08
35.9	2.509e-08
36	2.505e-08
36.1	2.505e-08
36.2	2.505e-08
36.3	2.505e-08
36.4	2.505e-08
36.5	2.505e-08
36.6	2.505e-08
36.7	2.505e-08
36.8	2.505e-08
36.9	2.505e-08
37	2.5e-08
37.1	2.5e-08
37.2	2.5e-08
37.3	2.5e-08
37.4	2.5e-08
37.5	2.5e-08
37.6	2.5e-08
37.7	2.5e-08
37.8	2.5e-08
37.9	2.5e-08
38	2.526e-08
38.1	2.526e-08
38.2	2.526e-08
38.3	2.526e-08
38.4	2.526e-08
38.5	2.526e-08
38.6	2.526e-08
38.7	2.526e-08
38.8	2.526e-08
38.9	2.526e-08
39	2.492e-08
39.1	2.492e-08
39.2	2.492e-08
39.3	2.492e-08
39.4	2.492e-08
39.5	2.492e-08
39.6	2.492e-08
39.7	2.492e-08
39.8	2.492e-08
39.9	2.492e-08
40	2.486e-08
40.1	2.486e-08
40.2	2.486e-08
40.3	2.486e-08
40.4	2.486e-08
40.5	2.486e-08
40.6	2.486e-08
40.7	2.486e-08
40.8	2.486e-08
40.9	2.486e-08
41	2.479e-08
41.1	2.479e-08
41.2	2.479e-08
41.3	2.479e-08
41.4	2.479e-08
41.5	2.479e-08
41.6	2.479e-08
41.7	2.479e-08
41.8	2.479e-08
41.9	2.479e-08
42	2.476e-08
42.1	2.476e-08
42.2	2.476e-08
42.3	2.476e-08
42.4	2.476e-08
42.5	2.476e-08
42.6	2.476e-08
42.7	2.476e-08
42.8	2.476e-08
42.9	2.476e-08
43	2.456e-08
43.1	2.456e-08
43.2	2.456e-08
43.3	2.456e-08
43.4	2.456e-08
43.5	2.456e-08
43.6	2.456e-08
43.7	2.456e-08
43.8	2.456e-08
43.9	2.456e-08
44	2.466e-08
44.1	2.466e-08
44.2	2.466e-08
44.3	2.466e-08
44.4	2.466e-08
44.5	2.466e-08
44.6	2.466e-08
44.7	2.466e-08
44.8	2.466e-08
44.9	2.466e-08
45	2.461e-08
45.1	2.461e-08
45.2	2.461e-08
45.3	2.461e-08
45.4	2.461e-08
45.5	2.461e-08
45.6	2.461e-08
45.7	2.461e-08
45.8	2.461e-08
45.9	2.461e-08
46	2.459e-08
46.1	2.459e-08
46.2	2.459e-08
46.3	2.459e-08
46.4	2.459e-08
46.5	2.459e-08
46.6	2.459e-08
46.7	2.459e-08
46.8	2.459e-08
46.9	2.459e-08
47	2.456e-08
47.1	2.456e-08
47.2	2.456e-08
47.3	2.456e-08
47.4	2.456e-08
47.5	2.456e-08
47.6	2.456e-08
47.7	2.456e-08
47.8	2.456e-08
47.9	2.456e-08
48	2.45e-08
48.1	2.45e-08
48.2	2.45e-08
48.3	2.45e-08
48.4	2.45e-08
48.5	2.45e-08
48.6	2.45e-08
48.7	2.45e-08
48.8	2.45e-08
48.9	2.45e-08
49	2.446e-08
49.1	2.446e-08
49.2	2.446e-08
49.3	2.446e-08
49.4	2.446e-08
49.5	2.446e-08
49.6	2.446e-08
49.7	2.446e-08
49.8	2.446e-08
49.9	2.446e-08
50	2.443e-08
50.1	2.443e-08
50.2	2.443e-08
50.3	2.443e-08
50.4	2.443e-08
50.5	2.443e-08
50.6	2.443e-08
50.7	2.443e-08
50.8	2.443e-08
50.9	2.443e-08
51	2.439e-08
51.1	2.439e-08
51.2	2.439e-08
51.3	2.439e-08
51.4	2.439e-08
51.5	2.439e-08
51.6	2.439e-08
51.7	2.439e-08
51.8	2.439e-08
51.9	2.439e-08
52	2.434e-08
52.1	2.434e-08
52.2	2.434e-08
52.3	2.434e-08
52.4	2.434e-08
52.5	2.434e-08
52.6	2.434e-08
52.7	2.434e-08
52.8	2.434e-08
52.9	2.434e-08
53	2.431e-08
53.1	2.431e-08
53.2	2.431e-08
53.3	2.431e-08
53.4	2.431e-08
53.5	2.431e-08
53.6	2.431e-08
53.7	2.431e-08
53.8	2.431e-08
53.9	2.431e-08
54	2.412e-08
54.1	2.412e-08
54.2	2.412e-08
54.3	2.412e-08
54.4	2.412e-08
54.5	2.412e-08
54.6	2.412e-08
54.7	2.412e-08
54.8	2.412e-08
54.9	2.412e-08
55	2.423e-08
55.1	2.423e-08
55.2	2.423e-08
55.3	2.423e-08
55.4	2.423e-08
55.5	2.423e-08
55.6	2.423e-08
55.7	2.423e-08
55.8	2.423e-08
55.9	2.423e-08
56	2.42e-08
56.1	2.42e-08
56.2	2.42e-08
56.3	2.42e-08
56.4	2.42e-08
56.5	2.42e-08
56.6	2.42e-08
56.7	2.42e-08
56.8	2.42e-08
56.9	2.42e-08
57	2.415e-08
57.1	2.415e-08
57.2	2.415e-08
57.3	2.415e-08
57.4	2.415e-08
57.5	2.415e-08
57.6	2.415e-08
57.7	2.415e-08
57.8	2.415e-08
57.9	2.415e-08
58	2.41e-08
58.1	2.41e-08
58.2	2.41e-08
58.3	2.41e-08
58.4	2.41e-08
58.5	2.41e-08
58.6	2.41e-08
58.7	2.41e-08
58.8	2.41e-08
58.9	2.41e-08
59	2.408e-08
59.1	2.408e-08
59.2	2.408e-08
59.3	2.408e-08
59.4	2.408e-08
59.5	2.408e-08
59.6	2.408e-08
59.7	2.408e-08
59.8	2.408e-08
59.9	2.408e-08
60	2.404e-08
60.1	2.404e-08
60.2	2.404e-08
60.3	2.404e-08
60.4	2.404e-08
60.5	2.404e-08
60.6	2.404e-08
60.7	2.404e-08
60.8	2.404e-08
60.9	2.404e-08
61	2.386e-08
61.1	2.386e-08
61.2	2.386e-08
61.3	2.386e-08
61.4	2.386e-08
61.5	2.386e-08
61.6	2.386e-08
61.7	2.386e-08
61.8	2.386e-08
61.9	2.386e-08
62	2.398e-08
62.1	2.398e-08
62.2	2.398e-08
62.3	2.398e-08
62.4	2.398e-08
62.5	2.398e-08
62.6	2.398e-08
62.7	2.398e-08
62.8	2.398e-08
62.9	2.398e-08
63	2.395e-08
63.1	2.395e-08
63.2	2.395e-08
63.3	2.395e-08
63.4	2.395e-08
63.5	2.395e-08
63.6	2.395e-08
63.7	2.395e-08
63.8	2.395e-08
63.9	2.395e-08
64	2.392e-08
64.1	2.392e-08
64.2	2.392e-08
64.3	2.392e-08
64.4	2.392e-08
64.5	2.392e-08
64.6	2.392e-08
64.7	2.392e-08
64.8	2.392e-08
64.9	2.392e-08
65	2.387e-08
65.1	2.387e-08
65.2	2.387e-08
65.3	2.387e-08
65.4	2.387e-08
65.5	2.387e-08
65.6	2.387e-08
65.7	2.387e-08
65.8	2.387e-08
65.9	2.387e-08
66	2.384e-08
66.1	2.384e-08
66.2	2.384e-08
66.3	2.384e-08
66.4	2.384e-08
66.5	2.384e-08
66.6	2.384e-08
66.7	2.384e-08
66.8	2.384e-08
66.9	2.384e-08
67	2.378e-08
67.1	2.378e-08
67.2	2.378e-08
67.3	2.378e-08
67.4	2.378e-08
67.5	2.378e-08
67.6	2.378e-08
67.7	2.378e-08
67.8	2.378e-08
67.9	2.378e-08
68	2.375e-08
68.1	2.375e-08
68.2	2.375e-08
68.3	2.375e-08
68.4	2.375e-08
68.5	2.375e-08
68.6	2.375e-08
68.7	2.375e-08
68.8	2.375e-08
68.9	2.375e-08
69	2.371e-08
69.1	2.371e-08
69.2	2.371e-08
69.3	2.371e-08
69.4	2.371e-08
69.5	2.371e-08
69.6	2.371e-08
69.7	2.371e-08
69.8	2.371e-08
69.9	2.371e-08
70	2.369e-08
70.1	2.369e-08
70.2	2.369e-08
70.3	2.369e-08
70.4	2.369e-08
70.5	2.369e-08
70.6	2.369e-08
70.7	2.369e-08
70.8	2.369e-08
70.9	2.369e-08
71	2.365e-08
71.1	2.365e-08
71.2	2.365e-08
71.3	2.365e-08
71.4	2.365e-08
71.5	2.365e-08
71.6	2.365e-08
71.7	2.365e-08
71.8	2.365e-08
71.9	2.365e-08
72	2.363e-08
72.1	2.363e-08
72.2	2.363e-08
72.3	2.363e-08
72.4	2.363e-08
72.5	2.363e-08
72.6	2.363e-08
72.7	2.363e-08
72.8	2.363e-08
72.9	2.363e-08
73	2.36e-08
73.1	2.36e-08
73.2	2.36e-08
73.3	2.36e-08
73.4	2.36e-08
73.5	2.36e-08
73.6	2.36e-08
73.7	2.36e-08
73.8	2.36e-08
73.9	2.36e-08
74	2.354e-08
74.1	2.354e-08
74.2	2.354e-08
74.3	2.354e-08
74.4	2.354e-08
74.5	2.354e-08
74.6	2.354e-08
74.7	2.354e-08
74.8	2.354e-08
74.9	2.354e-08
75	2.352e-08
75.1	2.352e-08
75.2	2.352e-08
75.3	2.352e-08
75.4	2.352e-08
75.5	2.352e-08
75.6	2.352e-08
75.7	2.352e-08
75.8	2.352e-08
75.9	2.352e-08
76	2.351e-08
76.1	2.351e-08
76.2	2.351e-08
76.3	2.351e-08
76.4	2.351e-08
76.5	2.351e-08
76.6	2.351e-08
76.7	2.351e-08
76.8	2.351e-08
76.9	2.351e-08
77	2.346e-08
77.1	2.346e-08
77.2	2.346e-08
77.3	2.346e-08
77.4	2.346e-08
77.5	2.346e-08
77.6	2.346e-08
77.7	2.346e-08
77.8	2.346e-08
77.9	2.346e-08
78	2.343e-08
78.1	2.343e-08
78.2	2.343e-08
78.3	2.343e-08
78.4	2.343e-08
78.5	2.343e-08
78.6	2.343e-08
78.7	2.343e-08
78.8	2.343e-08
78.9	2.343e-08
79	2.34e-08
79.1	2.34e-08
79.2	2.34e-08
79.3	2.34e-08
79.4	2.34e-08
79.5	2.34e-08
79.6	2.34e-08
79.7	2.34e-08
79.8	2.34e-08
79.9	2.34e-08
80	2.338e-08
80.1	2.338e-08
80.2	2.338e-08
80.3	2.338e-08
80.4	2.338e-08
80.5	2.338e-08
80.6	2.338e-08
80.7	2.338e-08
80.8	2.338e-08
80.9	2.338e-08
81	2.333e-08
81.1	2.333e-08
81.2	2.333e-08
81.3	2.333e-08
81.4	2.333e-08
81.5	2.333e-08
81.6	2.333e-08
81.7	2.333e-08
81.8	2.333e-08
81.9	2.333e-08
82	2.33e-08
82.1	2.33e-08
82.2	2.33e-08
82.3	2.33e-08
82.4	2.33e-08
82.5	2.33e-08
82.6	2.33e-08
82.7	2.33e-08
82.8	2.33e-08
82.9	2.33e-08
83	2.326e-08
83.1	2.326e-08
83.2	2.326e-08
83.3	2.326e-08
83.4	2.326e-08
83.5	2.326e-08
83.6	2.326e-08
83.7	2.326e-08
83.8	2.326e-08
83.9	2.326e-08
84	2.323e-08
84.1	2.323e-08
84.2	2.323e-08
84.3	2.323e-08
84.4	2.323e-08
84.5	2.323e-08
84.6	2.323e-08
84.7	2.323e-08
84.8	2.323e-08
84.9	2.323e-08
85	2.319e-08
85.1	2.319e-08
85.2	2.319e-08
85.3	2.319e-08
85.4	2.319e-08
85.5	2.319e-08
85.6	2.319e-08
85.7	2.319e-08
85.8	2.319e-08
85.9	2.319e-08
86	2.318e-08
86.1	2.318e-08
86.2	2.318e-08
86.3	2.318e-08
86.4	2.318e-08
86.5	2.318e-08
86.6	2.318e-08
86.7	2.318e-08
86.8	2.318e-08
86.9	2.318e-08
87	2.313e-08
87.1	2.313e-08
87.2	2.313e-08
87.3	2.313e-08
87.4	2.313e-08
87.5	2.313e-08
87.6	2.313e-08
87.7	2.313e-08
87.8	2.313e-08
87.9	2.313e-08
88	2.327e-08
88.1	2.327e-08
88.2	2.327e-08
88.3	2.327e-08
88.4	2.327e-08
88.5	2.327e-08
88.6	2.327e-08
88.7	2.327e-08
88.8	2.327e-08
88.9	2.327e-08
89	2.339e-08
89.1	2.339e-08
89.2	2.339e-08
89.3	2.339e-08
89.4	2.339e-08
89.5	2.339e-08
89.6	2.339e-08
89.7	2.339e-08
89.8	2.339e-08
89.9	2.339e-08
90	2.306e-08
90.1	2.306e-08
90.2	2.306e-08
90.3	2.306e-08
90.4	2.306e-08
90.5	2.306e-08
90.6	2.306e-08
90.7	2.306e-08
90.8	2.306e-08
90.9	2.306e-08
91	2.304e-08
91.1	2.304e-08
91.2	2.304e-08
91.3	2.304e-08
91.4	2.304e-08
91.5	2.304e-08
91.6	2.304e-08
91.7	2.304e-08
91.8	2.304e-08
91.9	2.304e-08
92	2.302e-08
92.1	2.302e-08
92.2	2.302e-08
92.3	2.302e-08
92.4	2.302e-08
92.5	2.302e-08
92.6	2.302e-08
92.7	2.302e-08
92.8	2.302e-08
92.9	2.302e-08
93	2.299e-08
93.1	2.299e-08
93.2	2.299e-08
93.3	2.299e-08
93.4	2.299e-08
93.5	2.299e-08
93.6	2.299e-08
93.7	2.299e-08
93.8	2.299e-08
93.9	2.299e-08
94	2.296e-08
94.1	2.296e-08
94.2	2.296e-08
94.3	2.296e-08
94.4	2.296e-08
94.5	2.296e-08
94.6	2.296e-08
94.7	2.296e-08
94.8	2.296e-08
94.9	2.296e-08
95	2.29e-08
95.1	2.29e-08
95.2	2.29e-08
95.3	2.29e-08
95.4	2.29e-08
95.5	2.29e-08
95.6	2.29e-08
95.7	2.29e-08
95.8	2.29e-08
95.9	2.29e-08
96	2.289e-08
96.1	2.289e-08
96.2	2.289e-08
96.3	2.289e-08
96.4	2.289e-08
96.5	2.289e-08
96.6	2.289e-08
96.7	2.289e-08
96.8	2.289e-08
96.9	2.289e-08
97	2.289e-08
97.1	2.289e-08
97.2	2.289e-08
97.3	2.289e-08
97.4	2.289e-08
97.5	2.289e-08
97.6	2.289e-08
97.7	2.289e-08
97.8	2.289e-08
97.9	2.289e-08
98	2.286e-08
98.1	2.286e-08
98.2	2.286e-08
98.3	2.286e-08
98.4	2.286e-08
98.5	2.286e-08
98.6	2.286e-08
98.7	2.286e-08
98.8	2.286e-08
98.9	2.286e-08
99	2.283e-08
99.1	2.283e-08
99.2	2.283e-08
99.3	2.283e-08
99.4	2.283e-08
99.5	2.283e-08
99.6	2.283e-08
99.7	2.283e-08
99.8	2.283e-08
99.9	2.283e-08
100	2.283e-08
100.1	2.283e-08
100.2	2.283e-08
100.3	2.283e-08
100.4	2.283e-08
100.5	2.283e-08
100.6	2.283e-08
100.7	2.283e-08
100.8	2.283e-08
100.9	2.283e-08
101	2.28e-08
101.1	2.28e-08
101.2	2.28e-08
101.3	2.28e-08
101.4	2.28e-08
101.5	2.28e-08
101.6	2.28e-08
101.7	2.28e-08
101.8	2.28e-08
101.9	2.28e-08
102	2.278e-08
102.1	2.278e-08
102.2	2.278e-08
102.3	2.278e-08
102.4	2.278e-08
102.5	2.278e-08
102.6	2.278e-08
102.7	2.278e-08
102.8	2.278e-08
102.9	2.278e-08
103	2.275e-08
103.1	2.275e-08
103.2	2.275e-08
103.3	2.275e-08
103.4	2.275e-08
103.5	2.275e-08
103.6	2.275e-08
103.7	2.275e-08
103.8	2.275e-08
103.9	2.275e-08
104	2.257e-08
104.1	2.257e-08
104.2	2.257e-08
104.3	2.257e-08
104.4	2.257e-08
104.5	2.257e-08
104.6	2.257e-08
104.7	2.257e-08
104.8	2.257e-08
104.9	2.257e-08
105	2.268e-08
105.1	2.268e-08
105.2	2.268e-08
105.3	2.268e-08
105.4	2.268e-08
105.5	2.268e-08
105.6	2.268e-08
105.7	2.268e-08
105.8	2.268e-08
105.9	2.268e-08
106	2.265e-08
106.1	2.265e-08
106.2	2.265e-08
106.3	2.265e-08
106.4	2.265e-08
106.5	2.265e-08
106.6	2.265e-08
106.7	2.265e-08
106.8	2.265e-08
106.9	2.265e-08
107	2.262e-08
107.1	2.262e-08
107.2	2.262e-08
107.3	2.262e-08
107.4	2.262e-08
107.5	2.262e-08
107.6	2.262e-08
107.7	2.262e-08
107.8	2.262e-08
107.9	2.262e-08
108	2.261e-08
108.1	2.261e-08
108.2	2.261e-08
108.3	2.261e-08
108.4	2.261e-08
108.5	2.261e-08
108.6	2.261e-08
108.7	2.261e-08
108.8	2.261e-08
108.9	2.261e-08
109	2.242e-08
109.1	2.242e-08
109.2	2.242e-08
109.3	2.242e-08
109.4	2.242e-08
109.5	2.242e-08
109.6	2.242e-08
109.7	2.242e-08
109.8	2.242e-08
109.9	2.242e-08
110	2.254e-08
110.1	2.254e-08
110.2	2.254e-08
110.3	2.254e-08
110.4	2.254e-08
110.5	2.254e-08
110.6	2.254e-08
110.7	2.254e-08
110.8	2.254e-08
110.9	2.254e-08
111	2.251e-08
111.1	2.251e-08
111.2	2.251e-08
111.3	2.251e-08
111.4	2.251e-08
111.5	2.251e-08
111.6	2.251e-08
111.7	2.251e-08
111.8	2.251e-08
111.9	2.251e-08
112	2.248e-08
112.1	2.248e-08
112.2	2.248e-08
112.3	2.248e-08
112.4	2.248e-08
112.5	2.248e-08
112.6	2.248e-08
112.7	2.248e-08
112.8	2.248e-08
112.9	2.248e-08
113	2.244e-08
113.1	2.244e-08
113.2	2.244e-08
113.3	2.244e-08
113.4	2.244e-08
113.5	2.244e-08
113.6	2.244e-08
113.7	2.244e-08
113.8	2.244e-08
113.9	2.244e-08
114	2.228e-08
114.1	2.228e-08
114.2	2.228e-08
114.3	2.228e-08
114.4	2.228e-08
114.5	2.228e-08
114.6	2.228e-08
114.7	2.228e-08
114.8	2.228e-08
114.9	2.228e-08
115	2.239e-08
115.1	2.239e-08
115.2	2.239e-08
115.3	2.239e-08
115.4	2.239e-08
115.5	2.239e-08
115.6	2.239e-08
115.7	2.239e-08
115.8	2.239e-08
115.9	2.239e-08
116	2.222e-08
116.1	2.222e-08
116.2	2.222e-08
116.3	2.222e-08
116.4	2.222e-08
116.5	2.222e-08
116.6	2.222e-08
116.7	2.222e-08
116.8	2.222e-08
116.9	2.222e-08
117	2.233e-08
117.1	2.233e-08
117.2	2.233e-08
117.3	2.233e-08
117.4	2.233e-08
117.5	2.233e-08
117.6	2.233e-08
117.7	2.233e-08
117.8	2.233e-08
117.9	2.233e-08
118	2.231e-08
118.1	2.231e-08
118.2	2.231e-08
118.3	2.231e-08
118.4	2.231e-08
118.5	2.231e-08
118.6	2.231e-08
118.7	2.231e-08
118.8	2.231e-08
118.9	2.231e-08
119	2.212e-08
119.1	2.212e-08
119.2	2.212e-08
119.3	2.212e-08
119.4	2.212e-08
119.5	2.212e-08
119.6	2.212e-08
119.7	2.212e-08
119.8	2.212e-08
119.9	2.212e-08
120	2.224e-08
120.1	2.224e-08
120.2	2.224e-08
120.3	2.224e-08
120.4	2.224e-08
120.5	2.224e-08
120.6	2.224e-08
120.7	2.224e-08
120.8	2.224e-08
120.9	2.224e-08
121	2.209e-08
121.1	2.209e-08
121.2	2.209e-08
121.3	2.209e-08
121.4	2.209e-08
121.5	2.209e-08
121.6	2.209e-08
121.7	2.209e-08
121.8	2.209e-08
121.9	2.209e-08
122	2.218e-08
122.1	2.218e-08
122.2	2.218e-08
122.3	2.218e-08
122.4	2.218e-08
122.5	2.218e-08
122.6	2.218e-08
122.7	2.218e-08
122.8	2.218e-08
122.9	2.218e-08
123	2.217e-08
123.1	2.217e-08
123.2	2.217e-08
123.3	2.217e-08
123.4	2.217e-08
123.5	2.217e-08
123.6	2.217e-08
123.7	2.217e-08
123.8	2.217e-08
123.9	2.217e-08
124	2.217e-08
124.1	2.217e-08
124.2	2.217e-08
124.3	2.217e-08
124.4	2.217e-08
124.5	2.217e-08
124.6	2.217e-08
124.7	2.217e-08
124.8	2.217e-08
124.9	2.217e-08
125	2.215e-08
125.1	2.215e-08
125.2	2.215e-08
125.3	2.215e-08
125.4	2.215e-08
125.5	2.215e-08
125.6	2.215e-08
125.7	2.215e-08
125.8	2.215e-08
125.9	2.215e-08
126	2.198e-08
126.1	2.198e-08
126.2	2.198e-08
126.3	2.198e-08
126.4	2.198e-08
126.5	2.198e-08
126.6	2.198e-08
126.7	2.198e-08
126.8	2.198e-08
126.9	2.198e-08
127	2.209e-08
127.1	2.209e-08
127.2	2.209e-08
127.3	2.209e-08
127.4	2.209e-08
127.5	2.209e-08
127.6	2.209e-08
127.7	2.209e-08
127.8	2.209e-08
127.9	2.209e-08
128	2.205e-08
128.1	2.205e-08
128.2	2.205e-08
128.3	2.205e-08
128.4	2.205e-08
128.5	2.205e-08
128.6	2.205e-08
128.7	2.205e-08
128.8	2.205e-08
128.9	2.205e-08
129	2.218e-08
129.1	2.218e-08
129.2	2.218e-08
129.3	2.218e-08
129.4	2.218e-08
129.5	2.218e-08
129.6	2.218e-08
129.7	2.218e-08
129.8	2.218e-08
129.9	2.218e-08
