# SCAN started at: 2018-04-18 14:06:34
# Mass_Scan Elen: _70
# ----------------------------------------
# 
25	0	0
25.1	0	0
25.2	0	0
25.3	0	0
25.4	0	0
25.5	1	1
25.6	2	2
25.7	0	0
25.8	1	1
25.9	1	1
26	1	1
26.1	0	0
26.2	3	3
26.3	0	0
26.4	1	1
26.5	0	0
26.6	3	3
26.7	0	0
26.8	10	10
26.9	7	7
27	22	22
27.1	25	25
27.2	33	33
27.3	27	27
27.4	33	33
27.5	40	40
27.6	66	66
27.7	463	463
27.8	2299	2299
27.9	5019	5019
28	8342	8342
28.1	1.07e+04	1.07e+04
28.2	9757	9757
28.3	1.124e+04	1.124e+04
28.4	8993	8993
28.5	9553	9553
28.6	7582	7582
28.7	6327	6327
28.8	5574	5574
28.9	3030	3030
29	91	91
29.1	135	135
29.2	104	104
29.3	124	124
29.4	96	96
29.5	108	108
29.6	68	68
29.7	80	80
29.8	69	69
29.9	46	46
30	8	8
30.1	20	20
30.2	12	12
30.3	8	8
30.4	9	9
30.5	5	5
30.6	7	7
30.7	6	6
30.8	5	5
30.9	4	4
31	1	1
31.1	0	0
31.2	2	2
31.3	0	0
31.4	3	3
31.5	8	8
31.6	30	30
31.7	152	152
31.8	644	644
31.9	1174	1174
32	2150	2150
32.1	2520	2520
32.2	2305	2305
32.3	2803	2803
32.4	2126	2126
32.5	2206	2206
32.6	1915	1915
32.7	1528	1528
32.8	1225	1225
32.9	726	726
33	1	1
33.1	1	1
33.2	2	2
33.3	3	3
33.4	4	4
33.5	0	0
33.6	2	2
33.7	1	1
33.8	4	4
33.9	2	2
34	8	8
34.1	15	15
34.2	7	7
34.3	14	14
34.4	13	13
34.5	11	11
34.6	4	4
34.7	7	7
34.8	2	2
34.9	1	1
35	0	0
35.1	0	0
35.2	0	0
35.3	0	0
35.4	0	0
35.5	0	0
35.6	0	0
35.7	0	0
35.8	0	0
35.9	0	0
36	0	0
36.1	4	4
36.2	2	2
36.3	1	1
36.4	4	4
36.5	1	1
36.6	3	3
36.7	1	1
36.8	4	4
36.9	1	1
37	0	0
37.1	0	0
37.2	0	0
37.3	0	0
37.4	0	0
37.5	0	0
37.6	0	0
37.7	0	0
37.8	0	0
37.9	0	0
38	0	0
38.1	0	0
38.2	1	1
38.3	0	0
38.4	1	1
38.5	2	2
38.6	0	0
38.7	0	0
38.8	2	2
38.9	3	3
39	4	4
39.1	2	2
39.2	3	3
39.3	9	9
39.4	14	14
39.5	11	11
39.6	5	5
39.7	43	43
39.8	123	123
39.9	195	195
40	392	392
40.1	444	444
40.2	374	374
40.3	476	476
40.4	394	394
40.5	399	399
40.6	311	311
40.7	259	259
40.8	229	229
40.9	120	120
41	12	12
41.1	36	36
41.2	17	17
41.3	34	34
41.4	30	30
41.5	25	25
41.6	40	40
41.7	33	33
41.8	21	21
41.9	44	44
42	59	59
42.1	86	86
42.2	68	68
42.3	79	79
42.4	65	65
42.5	58	58
42.6	48	48
42.7	50	50
42.8	32	32
42.9	23	23
43	12	12
43.1	14	14
43.2	22	22
43.3	22	22
43.4	18	18
43.5	32	32
43.6	25	25
43.7	25	25
43.8	16	16
43.9	26	26
44	33	33
44.1	37	37
44.2	30	30
44.3	39	39
44.4	43	43
44.5	48	48
44.6	22	22
44.7	18	18
44.8	16	16
44.9	17	17
45	3	3
45.1	3	3
45.2	6	6
45.3	2	2
45.4	5	5
45.5	4	4
45.6	1	1
45.7	1	1
45.8	3	3
45.9	2	2
46	0	0
46.1	0	0
46.2	1	1
46.3	3	3
46.4	0	0
46.5	0	0
46.6	1	1
46.7	1	1
46.8	1	1
46.9	1	1
47	0	0
47.1	0	0
47.2	0	0
47.3	0	0
47.4	0	0
47.5	0	0
47.6	0	0
47.7	0	0
47.8	3	3
47.9	4	4
48	11	11
48.1	16	16
48.2	16	16
48.3	19	19
48.4	9	9
48.5	11	11
48.6	9	9
48.7	9	9
48.8	13	13
48.9	8	8
49	2	2
49.1	0	0
49.2	2	2
49.3	0	0
49.4	1	1
49.5	0	0
49.6	0	0
49.7	1	1
49.8	0	0
49.9	1	1
50	4	4
50.1	3	3
50.2	3	3
50.3	1	1
50.4	2	2
50.5	6	6
50.6	4	4
50.7	1	1
50.8	2	2
50.9	4	4
51	0	0
51.1	2	2
51.2	0	0
51.3	0	0
51.4	0	0
51.5	0	0
51.6	0	0
51.7	0	0
51.8	0	0
51.9	1	1
52	1	1
52.1	1	1
52.2	3	3
52.3	2	2
52.4	3	3
52.5	1	1
52.6	2	2
52.7	0	0
52.8	5	5
52.9	1	1
53	0	0
53.1	0	0
53.2	3	3
53.3	7	7
53.4	2	2
53.5	3	3
53.6	1	1
53.7	1	1
53.8	4	4
53.9	0	0
54	2	2
54.1	1	1
54.2	2	2
54.3	2	2
54.4	2	2
54.5	2	2
54.6	2	2
54.7	1	1
54.8	2	2
54.9	3	3
55	5	5
55.1	1	1
55.2	5	5
55.3	6	6
55.4	8	8
55.5	7	7
55.6	5	5
55.7	9	9
55.8	7	7
55.9	5	5
56	6	6
56.1	16	16
56.2	12	12
56.3	24	24
56.4	21	21
56.5	19	19
56.6	16	16
56.7	14	14
56.8	13	13
56.9	10	10
57	6	6
57.1	2	2
57.2	5	5
57.3	13	13
57.4	8	8
57.5	12	12
57.6	2	2
57.7	9	9
57.8	4	4
57.9	3	3
58	3	3
58.1	0	0
58.2	2	2
58.3	3	3
58.4	3	3
58.5	2	2
58.6	1	1
58.7	0	0
58.8	1	1
58.9	0	0
59	0	0
59.1	0	0
59.2	0	0
59.3	0	0
59.4	3	3
59.5	0	0
59.6	1	1
59.7	8	8
59.8	22	22
59.9	54	54
60	78	78
60.1	123	123
60.2	136	136
60.3	147	147
60.4	176	176
60.5	143	143
60.6	113	113
60.7	123	123
60.8	89	89
60.9	51	51
61	4	4
61.1	2	2
61.2	3	3
61.3	4	4
61.4	1	1
61.5	2	2
61.6	1	1
61.7	2	2
61.8	13	13
61.9	15	15
62	33	33
62.1	45	45
62.2	35	35
62.3	57	57
62.4	66	66
62.5	69	69
62.6	36	36
62.7	39	39
62.8	35	35
62.9	18	18
63	1	1
63.1	0	0
63.2	4	4
63.3	2	2
63.4	0	0
63.5	2	2
63.6	0	0
63.7	0	0
63.8	2	2
63.9	0	0
64	11	11
64.1	10	10
64.2	6	6
64.3	16	16
64.4	13	13
64.5	6	6
64.6	4	4
64.7	11	11
64.8	4	4
64.9	3	3
65	0	0
65.1	2	2
65.2	0	0
65.3	0	0
65.4	0	0
65.5	0	0
65.6	0	0
65.7	1	1
65.8	0	0
65.9	2	2
66	0	0
66.1	0	0
66.2	1	1
66.3	1	1
66.4	0	0
66.5	3	3
66.6	3	3
66.7	0	0
66.8	3	3
66.9	0	0
67	4	4
67.1	2	2
67.2	1	1
67.3	3	3
67.4	0	0
67.5	3	3
67.6	2	2
67.7	2	2
67.8	3	3
67.9	4	4
68	10	10
68.1	4	4
68.2	4	4
68.3	11	11
68.4	16	16
68.5	14	14
68.6	12	12
68.7	20	20
68.8	13	13
68.9	6	6
69	3	3
69.1	2	2
69.2	4	4
69.3	0	0
69.4	6	6
69.5	2	2
69.6	7	7
69.7	2	2
69.8	2	2
69.9	2	2
70	5	5
70.1	3	3
70.2	2	2
70.3	6	6
70.4	1	1
70.5	6	6
70.6	4	4
70.7	2	2
70.8	8	8
70.9	0	0
71	7	7
71.1	1	1
71.2	1	1
71.3	7	7
71.4	5	5
71.5	4	4
71.6	3	3
71.7	2	2
71.8	1	1
71.9	0	0
72	5	5
72.1	1	1
72.2	4	4
72.3	3	3
72.4	5	5
72.5	6	6
72.6	6	6
72.7	2	2
72.8	2	2
72.9	4	4
73	2	2
73.1	2	2
73.2	2	2
73.3	1	1
73.4	3	3
73.5	0	0
73.6	3	3
73.7	2	2
73.8	0	0
73.9	1	1
74	1	1
74.1	1	1
74.2	1	1
74.3	0	0
74.4	2	2
74.5	3	3
74.6	3	3
74.7	0	0
74.8	0	0
74.9	0	0
75	0	0
75.1	0	0
75.2	0	0
75.3	0	0
75.4	0	0
75.5	0	0
75.6	0	0
75.7	0	0
75.8	0	0
75.9	0	0
76	0	0
76.1	0	0
76.2	1	1
76.3	1	1
76.4	3	3
76.5	0	0
76.6	1	1
76.7	1	1
76.8	0	0
76.9	2	2
77	2	2
77.1	0	0
77.2	0	0
77.3	2	2
77.4	0	0
77.5	0	0
77.6	2	2
77.7	0	0
77.8	1	1
77.9	0	0
78	2	2
78.1	0	0
78.2	0	0
78.3	2	2
78.4	0	0
78.5	0	0
78.6	0	0
78.7	0	0
78.8	3	3
78.9	0	0
79	0	0
79.1	0	0
79.2	6	6
79.3	0	0
79.4	0	0
79.5	0	0
79.6	0	0
79.7	0	0
79.8	2	2
79.9	16	16
80	27	27
80.1	37	37
80.2	45	45
80.3	49	49
80.4	52	52
80.5	38	38
80.6	36	36
80.7	39	39
80.8	26	26
80.9	34	34
81	5	5
81.1	4	4
81.2	1	1
81.3	1	1
81.4	3	3
81.5	1	1
81.6	1	1
81.7	4	4
81.8	2	2
81.9	1	1
82	12	12
82.1	17	17
82.2	26	26
82.3	26	26
82.4	34	34
82.5	23	23
82.6	32	32
82.7	25	25
82.8	10	10
82.9	10	10
83	2	2
83.1	2	2
83.2	5	5
83.3	3	3
83.4	2	2
83.5	3	3
83.6	1	1
83.7	0	0
83.8	4	4
83.9	3	3
84	4	4
84.1	4	4
84.2	3	3
84.3	5	5
84.4	16	16
84.5	10	10
84.6	12	12
84.7	10	10
84.8	3	3
84.9	7	7
85	0	0
85.1	0	0
85.2	2	2
85.3	1	1
85.4	0	0
85.5	2	2
85.6	3	3
85.7	2	2
85.8	3	3
85.9	3	3
86	1	1
86.1	2	2
86.2	1	1
86.3	0	0
86.4	3	3
86.5	1	1
86.6	1	1
86.7	0	0
86.8	0	0
86.9	1	1
87	0	0
87.1	2	2
87.2	0	0
87.3	0	0
87.4	1	1
87.5	0	0
87.6	0	0
87.7	3	3
87.8	1	1
87.9	0	0
88	3	3
88.1	1	1
88.2	13	13
88.3	10	10
88.4	11	11
88.5	3	3
88.6	10	10
88.7	9	9
88.8	9	9
88.9	8	8
89	2	2
89.1	0	0
89.2	1	1
89.3	0	0
89.4	0	0
89.5	0	0
89.6	0	0
89.7	0	0
89.8	0	0
89.9	1	1
90	2	2
90.1	3	3
90.2	5	5
90.3	11	11
90.4	11	11
90.5	10	10
90.6	10	10
90.7	16	16
90.8	22	22
90.9	6	6
91	6	6
91.1	1	1
91.2	0	0
91.3	0	0
91.4	1	1
91.5	1	1
91.6	0	0
91.7	2	2
91.8	0	0
91.9	0	0
92	2	2
92.1	3	3
92.2	1	1
92.3	3	3
92.4	1	1
92.5	1	1
92.6	1	1
92.7	2	2
92.8	0	0
92.9	0	0
93	0	0
93.1	0	0
93.2	0	0
93.3	0	0
93.4	1	1
93.5	0	0
93.6	0	0
93.7	0	0
93.8	0	0
93.9	0	0
94	0	0
94.1	0	0
94.2	1	1
94.3	1	1
94.4	0	0
94.5	0	0
94.6	1	1
94.7	0	0
94.8	2	2
94.9	0	0
95	1	1
95.1	0	0
95.2	1	1
95.3	0	0
95.4	0	0
95.5	0	0
95.6	2	2
95.7	2	2
95.8	2	2
95.9	1	1
96	0	0
96.1	0	0
96.2	0	0
96.3	0	0
96.4	1	1
96.5	1	1
96.6	0	0
96.7	0	0
96.8	2	2
96.9	1	1
97	1	1
97.1	0	0
97.2	0	0
97.3	5	5
97.4	4	4
97.5	0	0
97.6	2	2
97.7	0	0
97.8	1	1
97.9	0	0
98	2	2
98.1	2	2
98.2	1	1
98.3	2	2
98.4	1	1
98.5	1	1
98.6	1	1
98.7	1	1
98.8	0	0
98.9	0	0
99	0	0
99.1	0	0
99.2	0	0
99.3	1	1
99.4	1	1
99.5	0	0
99.6	1	1
99.7	3	3
99.8	1	1
99.9	4	4
100	8	8
100.1	15	15
100.2	22	22
100.3	35	35
100.4	42	42
100.5	42	42
100.6	32	32
100.7	26	26
100.8	28	28
100.9	25	25
101	3	3
101.1	3	3
101.2	0	0
101.3	2	2
101.4	0	0
101.5	2	2
101.6	0	0
101.7	0	0
101.8	0	0
101.9	1	1
102	9	9
102.1	11	11
102.2	10	10
102.3	18	18
102.4	33	33
102.5	25	25
102.6	19	19
102.7	19	19
102.8	23	23
102.9	17	17
103	11	11
103.1	0	0
103.2	1	1
103.3	0	0
103.4	0	0
103.5	0	0
103.6	0	0
103.7	0	0
103.8	0	0
103.9	1	1
104	0	0
104.1	2	2
104.2	2	2
104.3	7	7
104.4	7	7
104.5	9	9
104.6	10	10
104.7	7	7
104.8	6	6
104.9	4	4
105	1	1
105.1	0	0
105.2	0	0
105.3	0	0
105.4	1	1
105.5	1	1
105.6	0	0
105.7	0	0
105.8	0	0
105.9	1	1
106	0	0
106.1	0	0
106.2	0	0
106.3	1	1
106.4	1	1
106.5	0	0
106.6	0	0
106.7	0	0
106.8	3	3
106.9	0	0
107	3	3
107.1	0	0
107.2	0	0
107.3	0	0
107.4	1	1
107.5	1	1
107.6	0	0
107.7	0	0
107.8	2	2
107.9	3	3
108	0	0
108.1	2	2
108.2	2	2
108.3	2	2
108.4	1	1
108.5	5	5
108.6	4	4
108.7	3	3
108.8	0	0
108.9	3	3
109	1	1
109.1	0	0
109.2	0	0
109.3	0	0
109.4	2	2
109.5	1	1
109.6	0	0
109.7	0	0
109.8	0	0
109.9	0	0
110	0	0
110.1	1	1
110.2	1	1
110.3	2	2
110.4	4	4
110.5	3	3
110.6	1	1
110.7	2	2
110.8	0	0
110.9	6	6
111	1	1
111.1	0	0
111.2	2	2
111.3	0	0
111.4	2	2
111.5	1	1
111.6	2	2
111.7	2	2
111.8	0	0
111.9	0	0
112	1	1
112.1	0	0
112.2	1	1
112.3	0	0
112.4	1	1
112.5	1	1
112.6	1	1
112.7	2	2
112.8	0	0
112.9	2	2
113	0	0
113.1	1	1
113.2	0	0
113.3	0	0
113.4	2	2
113.5	0	0
113.6	3	3
113.7	1	1
113.8	1	1
113.9	0	0
114	0	0
114.1	3	3
114.2	1	1
114.3	0	0
114.4	0	0
114.5	1	1
114.6	0	0
114.7	2	2
114.8	0	0
114.9	1	1
115	0	0
115.1	0	0
115.2	0	0
115.3	0	0
115.4	3	3
115.5	1	1
115.6	0	0
115.7	0	0
115.8	1	1
115.9	1	1
116	0	0
116.1	1	1
116.2	0	0
116.3	0	0
116.4	0	0
116.5	1	1
116.6	0	0
116.7	5	5
116.8	0	0
116.9	1	1
117	0	0
117.1	1	1
117.2	0	0
117.3	0	0
117.4	0	0
117.5	0	0
117.6	1	1
117.7	0	0
117.8	1	1
117.9	0	0
118	0	0
118.1	1	1
118.2	0	0
118.3	0	0
118.4	0	0
118.5	0	0
118.6	0	0
118.7	1	1
118.8	0	0
118.9	0	0
119	0	0
119.1	0	0
119.2	2	2
119.3	0	0
119.4	1	1
119.5	2	2
119.6	0	0
119.7	0	0
119.8	0	0
119.9	2	2
120	3	3
120.1	5	5
120.2	10	10
120.3	19	19
120.4	19	19
120.5	23	23
120.6	40	40
120.7	27	27
120.8	21	21
120.9	24	24
121	13	13
121.1	5	5
121.2	2	2
121.3	1	1
121.4	0	0
121.5	2	2
121.6	0	0
121.7	0	0
121.8	0	0
121.9	0	0
122	3	3
122.1	5	5
122.2	15	15
122.3	13	13
122.4	17	17
122.5	22	22
122.6	27	27
122.7	19	19
122.8	10	10
122.9	27	27
123	13	13
123.1	2	2
123.2	1	1
123.3	3	3
123.4	0	0
123.5	2	2
123.6	0	0
123.7	0	0
123.8	0	0
123.9	2	2
124	3	3
124.1	0	0
124.2	7	7
124.3	4	4
124.4	8	8
124.5	12	12
124.6	8	8
124.7	3	3
124.8	4	4
124.9	9	9
125	0	0
125.1	5	5
125.2	0	0
125.3	0	0
125.4	0	0
125.5	3	3
125.6	0	0
125.7	0	0
125.8	1	1
125.9	1	1
126	1	1
126.1	2	2
126.2	0	0
126.3	3	3
126.4	1	1
126.5	3	3
126.6	3	3
126.7	1	1
126.8	5	5
126.9	0	0
127	0	0
127.1	1	1
127.2	0	0
127.3	0	0
127.4	0	0
127.5	0	0
127.6	0	0
127.7	1	1
127.8	0	0
127.9	0	0
128	0	0
128.1	0	0
128.2	0	0
128.3	2	2
128.4	0	0
128.5	4	4
128.6	2	2
128.7	4	4
128.8	1	1
128.9	1	1
129	5	5
129.1	1	1
129.2	0	0
129.3	0	0
129.4	1	1
129.5	0	0
129.6	0	0
129.7	0	0
129.8	2	2
129.9	0	0
